0 0 19 6
1 0 8 9
2 0 23 33
3 0 13 23
4 0 39 33
5 0 21 14
6 0 10 17
7 0 15 32
8 0 9 33
9 0 21 26
10 0 15 22
11 0 34 3
12 0 4 33
13 0 32 16
14 0 8 10
15 0 38 29
16 0 5 9
17 0 28 10
18 0 13 25
19 0 10 4
20 0 25 36
21 0 15 34
22 0 23 31
23 0 2 38
24 0 11 25
0 1 21 6
1 1 8 7
2 1 23 34
4 1 37 33
5 1 20 14
6 1 10 19
8 1 9 31
10 1 15 23
11 1 32 3
12 1 5 33
13 1 31 16
14 1 8 11
16 1 5 11
19 1 10 5
20 1 25 35
22 1 23 29
23 1 2 36
0 2 23 6
1 2 8 6
4 2 35 33
5 2 18 14
6 2 10 20
8 2 9 29
10 2 15 24
11 2 30 3
12 2 6 33
13 2 30 16
14 2 8 12
16 2 5 12
19 2 10 7
22 2 23 28
23 2 2 34
0 3 25 6
1 3 8 4
4 3 33 33
5 3 17 14
6 3 10 22
8 3 9 28
10 3 15 25
11 3 29 3
12 3 8 33
13 3 29 16
14 3 8 14
16 3 5 13
19 3 10 8
22 3 23 27
23 3 2 33
0 4 27 6
1 4 8 3
4 4 31 33
5 4 16 14
6 4 10 24
7 4 15 32
8 4 9 26
10 4 15 27
11 4 27 3
12 4 9 33
13 4 27 16
14 4 8 15
16 4 5 14
19 4 10 10
22 4 23 26
23 4 2 31
4 5 30 33
6 5 10 25
7 5 14 32
8 5 9 25
10 5 15 28
11 5 25 3
12 5 10 33
13 5 26 16
14 5 8 16
16 5 5 15
19 5 10 11
22 5 23 25
23 5 2 29
1 6 8 3
4 6 29 33
7 6 13 32
8 6 7 25
10 6 15 29
11 6 23 3
12 6 11 33
13 6 25 16
14 6 8 18
16 6 5 16
19 6 10 13
22 6 23 23
23 6 2 27
1 7 8 4
3 7 13 22
7 7 12 32
8 7 6 25
10 7 15 30
11 7 22 3
12 7 13 33
13 7 24 16
14 7 8 19
16 7 5 17
19 7 10 15
22 7 23 22
23 7 2 26
1 8 8 5
3 8 13 21
7 8 11 32
8 8 5 25
10 8 15 31
11 8 20 3
12 8 14 33
13 8 22 16
14 8 8 20
16 8 5 18
19 8 10 16
22 8 23 21
23 8 2 24
24 8 11 25
1 9 8 6
3 9 13 19
7 9 10 32
8 9 4 25
10 9 15 33
11 9 18 3
12 9 15 33
13 9 21 16
14 9 8 22
16 9 5 19
19 9 10 18
22 9 23 20
23 9 2 24
24 9 11 26
1 10 8 7
3 10 13 17
10 10 15 34
11 10 16 3
12 10 16 33
13 10 20 16
14 10 8 23
16 10 5 21
19 10 10 19
22 10 23 19
24 10 11 27
1 11 8 9
3 11 13 16
8 11 6 25
10 11 15 35
11 11 15 3
12 11 18 33
13 11 19 16
14 11 8 24
16 11 5 22
19 11 10 21
22 11 23 18
24 11 11 29
1 12 8 10
3 12 13 14
8 12 7 25
10 12 15 36
11 12 13 3
12 12 19 33
13 12 17 16
14 12 8 26
16 12 5 23
19 12 10 22
22 12 23 17
24 12 11 30
1 13 8 10
3 13 13 12
8 13 8 25
9 13 21 26
10 13 15 37
11 13 11 3
12 13 20 33
13 13 16 16
14 13 8 27
16 13 5 24
19 13 10 24
24 13 11 31
1 14 9 10
3 14 13 11
8 14 9 25
9 14 20 26
10 14 15 38
11 14 9 3
12 14 21 33
13 14 15 16
14 14 8 28
16 14 5 25
19 14 10 26
24 14 11 32
1 15 10 10
3 15 13 9
8 15 10 25
9 15 18 26
11 15 8 3
12 15 23 33
13 15 14 16
14 15 8 30
16 15 5 26
19 15 10 27
24 15 11 33
1 16 12 10
3 16 13 7
8 16 12 25
9 16 17 26
11 16 7 3
12 16 24 33
13 16 12 16
14 16 8 31
16 16 5 27
19 16 10 29
24 16 11 34
1 17 13 10
3 17 13 6
8 17 13 25
9 17 16 26
12 17 25 33
13 17 11 16
14 17 8 32
16 17 5 28
19 17 10 30
24 17 11 35
1 18 15 10
3 18 13 4
8 18 14 25
9 18 14 26
12 18 26 33
13 18 10 16
14 18 8 34
16 18 5 29
19 18 10 32
24 18 11 36
1 19 16 10
3 19 13 3
8 19 15 25
9 19 13 26
12 19 27 33
13 19 9 16
14 19 8 34
16 19 5 31
19 19 10 33
24 19 11 37
1 20 17 10
8 20 17 25
9 20 11 26
12 20 29 33
13 20 8 16
16 20 5 32
19 20 10 35
24 20 11 38
8 21 18 25
12 21 30 33
16 21 5 33
19 21 10 36
8 22 19 25
12 22 30 33
16 22 5 34
8 23 20 25
16 23 5 35
8 24 22 25
16 24 5 36
8 25 23 25
16 25 5 37
17 25 28 11
8 26 24 25
16 26 5 38
17 26 28 12
8 27 25 25
16 27 5 39
17 27 28 14
8 28 26 25
15 28 37 29
17 28 28 15
8 29 28 25
15 29 35 29
17 29 28 16
22 29 23 17
8 30 29 25
15 30 34 29
17 30 28 18
22 30 23 19
8 31 30 25
15 31 32 29
17 31 28 19
22 31 23 20
8 32 31 25
15 32 30 29
17 32 28 20
22 32 23 21
8 33 33 25
15 33 28 29
17 33 28 22
22 33 23 22
8 34 34 25
15 34 27 29
17 34 28 23
22 34 23 23
8 35 34 25
15 35 25 29
17 35 28 24
15 36 23 29
17 36 28 26
15 37 22 29
17 37 28 27
23 37 4 24
15 38 20 29
23 38 6 24
15 39 18 29
23 39 8 24
15 40 17 29
23 40 10 24
15 41 15 29
23 41 12 24
15 42 15 29
23 42 14 24
23 43 16 24
23 44 18 24
15 45 15 29
23 45 20 24
15 46 15 27
23 46 22 24
13 47 9 16
15 47 15 25
23 47 24 24
13 48 10 16
15 48 15 23
17 48 28 26
20 48 24 35
23 48 26 24
13 49 11 16
15 49 15 21
17 49 28 24
20 49 22 35
23 49 27 24
13 50 13 16
15 50 15 20
17 50 28 23
20 50 21 35
23 50 29 24
13 51 14 16
15 51 15 18
17 51 28 21
20 51 19 35
23 51 31 24
2 52 23 33
13 52 15 16
15 52 15 16
17 52 28 20
20 52 18 35
23 52 33 24
2 53 23 31
9 53 12 26
13 53 17 16
15 53 15 14
17 53 28 19
20 53 16 35
2 54 23 30
7 54 10 30
9 54 12 26
13 54 18 16
15 54 15 13
17 54 28 17
20 54 15 35
2 55 23 28
7 55 10 30
13 55 19 16
15 55 15 11
17 55 28 16
20 55 14 35
2 56 23 27
4 56 29 33
13 56 21 16
15 56 15 9
17 56 28 15
20 56 12 35
2 57 23 25
4 57 27 33
13 57 22 16
15 57 15 8
17 57 28 14
20 57 11 35
2 58 23 23
4 58 25 33
13 58 23 16
20 58 9 35
21 58 15 33
1 59 17 11
2 59 23 22
4 59 23 33
13 59 25 16
20 59 8 35
21 59 15 31
1 60 17 13
2 60 23 21
4 60 22 33
6 60 10 25
20 60 7 35
21 60 15 30
1 61 17 15
4 61 20 33
6 61 10 23
20 61 5 35
21 61 15 28
1 62 17 16
4 62 18 33
6 62 10 21
17 62 28 15
20 62 4 35
21 62 15 26
1 63 17 18
4 63 17 33
6 63 10 20
17 63 28 16
20 63 2 35
21 63 15 24
1 64 17 19
17 64 28 18
18 64 14 25
20 64 2 35
21 64 15 23
24 64 12 38
17 65 28 19
18 65 16 25
21 65 15 21
24 65 13 38
17 66 28 21
18 66 17 25
21 66 15 19
24 66 15 38
17 67 28 22
18 67 19 25
21 67 15 18
24 67 16 38
17 68 28 24
18 68 21 25
21 68 15 16
24 68 17 38
17 69 28 25
18 69 22 25
21 69 15 14
24 69 18 38
16 70 5 38
17 70 28 27
18 70 23 25
21 70 15 12
24 70 20 38
16 71 5 37
17 71 28 28
19 71 10 38
21 71 15 11
24 71 21 38
16 72 5 36
17 72 28 30
19 72 10 38
24 72 22 38
16 73 5 35
17 73 28 30
24 73 24 38
16 74 5 33
24 74 25 38
16 75 5 32
17 75 28 29
24 75 26 38
16 76 5 31
17 76 28 28
24 76 28 38
3 77 13 4
16 77 5 30
17 77 28 27
24 77 29 38
3 78 13 6
14 78 9 34
16 78 5 28
17 78 28 26
19 78 10 38
24 78 30 38
3 79 13 7
14 79 10 34
16 79 5 27
17 79 28 25
19 79 10 36
24 79 31 38
3 80 13 8
10 80 17 38
14 80 11 34
16 80 5 26
17 80 28 24
19 80 10 34
24 80 33 38
3 81 13 9
10 81 19 38
14 81 12 34
16 81 5 24
17 81 28 23
19 81 10 32
24 81 34 38
3 82 13 11
10 82 21 38
14 82 14 34
16 82 5 23
17 82 28 22
19 82 10 31
24 82 34 38
3 83 13 12
10 83 22 38
14 83 14 34
16 83 5 22
17 83 28 21
19 83 10 29
3 84 13 13
10 84 24 38
16 84 5 21
17 84 28 20
19 84 10 27
3 85 13 14
10 85 26 38
16 85 5 20
17 85 28 19
19 85 10 25
3 86 13 16
10 86 27 38
17 86 28 18
19 86 10 23
3 87 13 17
10 87 29 38
17 87 28 16
19 87 10 21
3 88 13 18
10 88 31 38
17 88 28 15
19 88 10 19
3 89 13 19
10 89 33 38
17 89 28 14
19 89 10 17
3 90 13 21
10 90 33 38
17 90 28 13
19 90 10 15
3 91 13 22
11 91 7 4
17 91 28 12
19 91 10 13
3 92 13 23
11 92 7 6
17 92 28 11
19 92 10 11
3 93 13 24
11 93 7 7
17 93 28 10
19 93 10 11
3 94 13 26
11 94 7 8
17 94 28 9
21 94 15 11
3 95 13 27
11 95 7 10
13 95 24 16
17 95 28 8
21 95 14 11
3 96 13 28
11 96 7 11
13 96 22 16
17 96 28 7
21 96 13 11
3 97 13 29
11 97 7 12
13 97 20 16
17 97 28 6
21 97 12 11
3 98 13 31
11 98 7 14
13 98 18 16
17 98 28 5
20 98 3 35
21 98 11 11
3 99 13 32
11 99 7 15
13 99 16 16
17 99 28 3
20 99 4 35
21 99 10 11
3 100 13 33
11 100 7 16
13 100 14 16
17 100 28 3
20 100 5 35
21 100 8 11
3 101 14 33
11 101 7 18
13 101 12 16
20 101 7 35
21 101 7 11
24 101 34 37
3 102 16 33
11 102 7 19
13 102 10 16
20 102 8 35
21 102 6 11
24 102 34 36
3 103 18 33
11 103 7 20
13 103 8 16
20 103 10 35
21 103 5 11
23 103 33 24
24 103 34 35
3 104 19 33
11 104 7 22
13 104 7 16
20 104 11 35
21 104 4 11
23 104 32 24
24 104 34 33
3 105 21 33
11 105 7 23
13 105 5 16
15 105 15 9
20 105 13 35
21 105 3 11
23 105 30 24
24 105 34 32
3 106 23 33
11 106 7 24
12 106 30 31
13 106 3 16
15 106 15 10
20 106 14 35
21 106 2 11
23 106 29 24
24 106 34 31
0 107 28 6
3 107 25 33
6 107 9 20
7 107 10 30
11 107 7 26
12 107 30 30
13 107 1 16
15 107 15 10
20 107 16 35
21 107 2 11
23 107 28 24
24 107 34 29
0 108 29 6
3 108 26 33
6 108 7 20
7 108 10 28
11 108 7 27
12 108 30 28
13 108 0 16
18 108 22 25
20 108 17 35
23 108 26 24
24 108 34 28
6 109 5 20
7 109 10 27
11 109 7 28
12 109 30 27
13 109 0 16
18 109 21 25
20 109 19 35
23 109 25 24
24 109 34 27
6 110 4 20
7 110 10 26
11 110 7 30
13 110 2 16
18 110 19 25
20 110 20 35
23 110 24 24
24 110 34 26
7 111 10 24
13 111 3 16
18 111 18 25
20 111 21 35
23 111 22 24
24 111 34 24
7 112 10 23
13 112 5 16
18 112 17 25
20 112 23 35
23 112 21 24
24 112 34 23
7 113 10 21
13 113 6 16
18 113 15 25
20 113 23 35
23 113 20 24
24 113 34 22
7 114 10 20
13 114 7 16
18 114 14 25
23 114 18 24
7 115 10 18
18 115 12 25
23 115 17 24
7 116 10 17
18 116 11 25
23 116 16 24
7 117 10 15
18 117 10 25
23 117 14 24
4 118 17 33
7 118 10 14
18 118 9 25
23 118 13 24
4 119 17 32
7 119 10 13
23 119 12 24
4 120 17 30
7 120 10 11
23 120 11 24
4 121 17 29
7 121 10 10
23 121 9 24
24 121 34 24
4 122 17 28
7 122 10 8
16 122 6 20
23 122 8 24
24 122 34 26
4 123 17 27
7 123 10 8
16 123 8 20
23 123 7 24
24 123 34 28
4 124 17 25
16 124 9 20
23 124 5 24
24 124 34 30
4 125 17 24
16 125 11 20
23 125 4 24
24 125 34 32
4 126 17 23
13 126 8 16
16 126 12 20
23 126 3 24
24 126 34 32
4 127 17 23
13 127 10 16
14 127 13 34
16 127 14 20
23 127 3 24
13 128 10 16
14 128 12 34
16 128 15 20
14 129 11 34
16 129 17 20
14 130 10 34
16 130 18 20
14 131 9 34
16 131 20 20
14 132 8 34
16 132 21 20
14 133 7 34
16 133 23 20
14 134 6 34
16 134 25 20
14 135 5 34
16 135 26 20
14 136 4 34
16 136 28 20
14 137 3 34
16 137 29 20
2 138 23 21
14 138 3 34
16 138 29 20
2 139 21 21
2 140 20 21
8 140 35 25
15 140 15 10
2 141 18 21
8 141 36 25
15 141 15 8
2 142 17 21
2 143 15 21
2 144 14 21
18 144 10 25
2 145 12 21
18 145 12 25
2 146 11 21
18 146 13 25
2 147 10 21
3 147 26 33
18 147 15 25
2 148 8 21
3 148 24 33
9 148 13 26
18 148 16 25
2 149 7 21
3 149 23 33
9 149 14 26
2 150 5 21
3 150 22 33
9 150 16 26
11 150 7 29
13 150 9 16
17 150 28 4
2 151 4 21
3 151 21 33
9 151 18 26
11 151 7 27
13 151 7 16
17 151 28 6
2 152 2 21
8 152 35 25
11 152 7 25
13 152 6 16
17 152 28 7
2 153 1 21
8 153 34 25
11 153 7 23
13 153 5 16
17 153 28 9
24 153 34 32
2 154 0 21
8 154 32 25
10 154 34 38
11 154 7 23
13 154 3 16
17 154 28 11
24 154 33 32
8 155 31 25
10 155 35 38
13 155 3 16
17 155 28 12
24 155 32 32
8 156 29 25
17 156 28 14
24 156 31 32
8 157 28 25
17 157 28 16
24 157 30 32
8 158 27 25
16 158 30 20
17 158 28 18
24 158 29 32
8 159 25 25
16 159 31 20
17 159 28 19
24 159 28 32
8 160 24 25
16 160 32 20
17 160 28 21
6 161 5 20
8 161 23 25
16 161 33 20
17 161 28 23
0 162 28 6
6 162 6 20
8 162 21 25
16 162 34 20
17 162 28 24
0 163 27 6
6 163 7 20
8 163 20 25
16 163 34 20
17 163 28 26
0 164 25 6
6 164 8 20
8 164 18 25
17 164 28 27
20 164 22 35
23 164 3 24
0 165 23 6
6 165 9 20
8 165 17 25
20 165 21 35
0 166 21 6
6 166 10 20
8 166 16 25
20 166 20 35
0 167 19 6
6 167 11 20
8 167 14 25
20 167 19 35
0 168 17 6
6 168 12 20
8 168 13 25
20 168 18 35
22 168 23 23
0 169 16 6
6 169 13 20
8 169 11 25
20 169 17 35
22 169 21 23
0 170 14 6
6 170 14 20
8 170 10 25
20 170 16 35
22 170 19 23
0 171 12 6
6 171 15 20
8 171 9 25
20 171 15 35
22 171 17 23
0 172 10 6
6 172 17 20
8 172 7 25
20 172 15 35
22 172 15 23
0 173 8 6
6 173 18 20
7 173 11 8
8 173 6 25
22 173 13 23
0 174 8 6
6 174 19 20
7 174 12 8
8 174 4 25
22 174 11 23
6 175 20 20
7 175 13 8
8 175 3 25
22 175 10 23
6 176 21 20
7 176 14 8
8 176 2 25
1 177 17 20
6 177 22 20
7 177 15 8
8 177 1 25
1 178 17 21
6 178 23 20
7 178 16 8
1 179 17 23
6 179 24 20
7 179 17 8
1 180 17 24
6 180 25 20
7 180 18 8
12 180 30 28
6 181 26 20
7 181 19 8
12 181 30 29
7 182 21 8
12 182 30 29
7 183 22 8
18 183 16 25
7 184 23 8
18 184 16 23
7 185 24 8
18 185 16 21
17 186 28 26
18 186 16 20
17 187 28 25
18 187 16 18
17 188 28 23
18 188 16 16
8 189 2 25
17 189 28 22
18 189 16 15
8 190 3 25
9 190 18 26
17 190 28 20
18 190 16 13
8 191 4 25
9 191 20 26
17 191 28 19
18 191 16 12
8 192 5 25
9 192 21 26
17 192 28 17
18 192 16 10
8 193 6 25
9 193 22 26
14 193 3 34
17 193 28 15
18 193 16 8
8 194 8 25
9 194 24 26
14 194 5 34
17 194 28 14
18 194 16 7
8 195 9 25
9 195 25 26
14 195 6 34
17 195 28 14
18 195 16 5
8 196 10 25
9 196 26 26
14 196 7 34
18 196 16 4
2 197 1 21
8 197 11 25
9 197 28 26
14 197 9 34
2 198 3 21
8 198 12 25
9 198 29 26
14 198 10 34
2 199 4 21
8 199 13 25
9 199 30 26
14 199 11 34
2 200 6 21
9 200 32 26
14 200 13 34
1 201 18 24
2 201 8 21
9 201 33 26
14 201 14 34
1 202 20 24
2 202 10 21
8 202 13 24
9 202 34 26
14 202 15 34
1 203 21 24
2 203 10 21
7 203 24 8
8 203 13 23
9 203 35 26
14 203 17 34
1 204 23 24
7 204 26 8
8 204 13 21
14 204 18 34
16 204 34 20
1 205 24 24
7 205 28 8
8 205 13 20
10 205 34 38
14 205 19 34
16 205 34 20
1 206 25 24
7 206 30 8
8 206 13 19
10 206 32 38
11 206 7 23
14 206 21 34
21 206 2 11
6 207 27 20
7 207 30 8
10 207 30 38
11 207 8 23
14 207 22 34
21 207 2 10
6 208 28 20
10 208 28 38
21 208 2 8
24 208 28 32
6 209 29 20
10 209 26 38
21 209 2 7
22 209 11 23
24 209 28 30
3 210 21 33
6 210 31 20
10 210 24 38
13 210 3 16
21 210 2 7
22 210 13 23
24 210 28 29
3 211 19 33
6 211 32 20
10 211 22 38
13 211 3 17
22 211 15 23
24 211 28 28
3 212 17 33
10 212 20 38
13 212 3 18
22 212 16 23
23 212 3 24
24 212 28 27
3 213 15 33
10 213 18 38
13 213 3 20
22 213 18 23
23 213 5 24
24 213 28 25
3 214 14 33
10 214 17 38
13 214 3 21
17 214 28 14
22 214 19 23
23 214 6 24
24 214 28 24
0 215 8 7
13 215 3 22
23 215 7 24
24 215 28 23
0 216 8 8
13 216 3 23
23 216 8 24
24 216 28 22
0 217 8 9
13 217 3 24
23 217 9 24
24 217 28 20
0 218 8 10
13 218 3 25
23 218 10 24
24 218 28 19
0 219 8 11
13 219 3 26
23 219 11 24
24 219 28 18
0 220 8 12
13 220 3 27
23 220 13 24
24 220 28 17
0 221 8 13
13 221 3 27
23 221 14 24
24 221 28 15
0 222 8 14
23 222 15 24
24 222 28 15
0 223 8 15
5 223 18 14
20 223 15 34
23 223 16 24
0 224 8 16
5 224 20 14
20 224 15 32
23 224 17 24
0 225 8 17
5 225 21 14
20 225 15 30
23 225 18 24
0 226 8 18
20 226 15 28
23 226 20 24
0 227 8 19
14 227 22 34
20 227 15 26
23 227 21 24
0 228 8 20
14 228 24 34
20 228 15 24
23 228 22 24
0 229 8 21
14 229 25 34
20 229 15 22
23 229 23 24
0 230 8 22
12 230 30 30
17 230 28 14
18 230 15 4
20 230 15 20
23 230 24 24
0 231 8 23
12 231 30 32
17 231 29 14
18 231 14 4
20 231 15 18
23 231 25 24
0 232 8 24
12 232 30 34
17 232 30 14
20 232 15 16
23 232 27 24
0 233 8 25
12 233 30 35
17 233 31 14
20 233 15 14
23 233 28 24
0 234 8 26
12 234 30 37
20 234 15 12
23 234 29 24
0 235 8 27
12 235 30 38
20 235 15 10
23 235 30 24
0 236 8 28
12 236 30 39
20 236 15 8
23 236 31 24
0 237 8 29
20 237 15 6
23 237 32 24
0 238 8 30
20 238 15 4
23 238 34 24
0 239 8 31
15 239 14 8
20 239 15 3
23 239 35 24
0 240 8 32
4 240 17 24
7 240 30 10
15 240 13 8
20 240 15 2
23 240 36 24
0 241 8 33
4 241 17 25
7 241 30 11
15 241 12 8
23 241 37 24
0 242 8 35
4 242 17 27
7 242 30 13
15 242 11 8
22 242 19 23
23 242 38 24
0 243 8 36
4 243 17 28
7 243 30 15
12 243 30 39
15 243 10 8
22 243 19 25
0 244 8 37
4 244 17 29
7 244 30 17
12 244 30 38
15 244 9 8
22 244 19 27
0 245 8 38
4 245 17 31
7 245 30 19
12 245 30 37
15 245 8 8
22 245 19 29
0 246 8 39
4 246 17 32
5 246 21 15
7 246 30 20
12 246 30 36
15 246 7 8
22 246 19 30
0 247 8 39
4 247 17 33
5 247 21 17
7 247 30 22
12 247 30 35
15 247 6 8
4 248 17 35
5 248 21 19
7 248 30 24
12 248 30 33
15 248 5 8
4 249 17 36
5 249 21 21
7 249 30 24
12 249 30 32
15 249 3 8
4 250 17 37
5 250 21 23
12 250 30 31
15 250 2 8
4 251 17 39
5 251 21 24
12 251 30 30
15 251 2 8
4 252 17 39
5 252 21 26
12 252 30 29
5 253 21 28
12 253 30 28
1 254 25 24
5 254 21 30
12 254 30 27
1 255 26 24
5 255 21 32
12 255 30 26
1 256 27 24
12 256 30 25
1 257 29 24
9 257 35 26
12 257 30 24
1 258 29 24
9 258 33 26
12 258 30 23
4 259 17 38
9 259 31 26
12 259 30 22
4 260 17 37
9 260 29 26
12 260 30 21
4 261 17 35
9 261 27 26
12 261 30 20
4 262 17 33
9 262 25 26
16 262 34 20
4 263 17 32
9 263 24 26
16 263 33 20
4 264 17 30
9 264 22 26
11 264 8 23
16 264 31 20
4 265 17 28
9 265 20 26
11 265 8 22
16 265 30 20
4 266 17 26
9 266 18 26
11 266 8 20
16 266 29 20
4 267 17 25
9 267 16 26
16 267 28 20
19 267 10 11
21 267 2 7
4 268 17 23
9 268 15 26
16 268 26 20
19 268 9 11
21 268 2 9
4 269 17 21
16 269 25 20
19 269 7 11
21 269 2 11
4 270 17 20
10 270 17 38
16 270 24 20
19 270 6 11
21 270 2 13
1 271 28 24
4 271 17 18
6 271 33 20
10 271 15 38
16 271 22 20
19 271 4 11
21 271 2 15
0 272 8 39
1 272 26 24
4 272 17 16
6 272 34 20
10 272 14 38
16 272 21 20
19 272 3 11
21 272 2 17
0 273 9 39
1 273 25 24
4 273 17 14
6 273 35 20
10 273 13 38
13 273 3 26
16 273 21 20
19 273 2 11
21 273 2 19
0 274 11 39
1 274 23 24
4 274 17 13
6 274 36 20
13 274 3 25
19 274 1 11
21 274 2 21
0 275 12 39
1 275 22 24
4 275 17 11
6 275 37 20
13 275 3 23
21 275 2 23
0 276 13 39
1 276 21 24
4 276 17 9
6 276 38 20
13 276 3 22
21 276 2 25
0 277 15 39
1 277 19 24
4 277 17 8
6 277 39 20
13 277 3 21
21 277 2 27
0 278 16 39
1 278 18 24
4 278 17 6
13 278 3 19
21 278 2 29
0 279 16 39
1 279 16 24
4 279 17 4
13 279 3 18
21 279 2 31
1 280 15 24
4 280 17 3
8 280 13 19
13 280 3 17
21 280 2 33
1 281 13 24
8 281 14 19
13 281 3 15
21 281 2 35
1 282 12 24
8 282 16 19
13 282 3 14
1 283 10 24
8 283 17 19
13 283 3 12
1 284 9 24
8 284 18 19
13 284 3 11
1 285 8 24
8 285 19 19
13 285 3 10
8 286 20 19
13 286 3 8
8 287 21 19
13 287 3 7
6 288 39 20
8 288 22 19
12 288 30 19
13 288 3 6
18 288 15 4
6 289 38 20
8 289 23 19
12 289 30 17
13 289 3 5
17 289 31 15
18 289 17 4
6 290 37 20
8 290 23 19
12 290 30 16
17 290 31 17
18 290 18 4
1 291 8 24
6 291 36 20
12 291 30 14
17 291 31 19
1 292 8 23
6 292 34 20
12 292 30 12
17 292 31 21
1 293 8 22
6 293 33 20
12 293 30 11
17 293 31 23
1 294 8 20
6 294 32 20
12 294 30 9
17 294 31 25
1 295 8 19
6 295 31 20
10 295 13 37
12 295 30 7
1 296 8 18
6 296 31 20
10 296 13 36
12 296 30 5
1 297 8 17
10 297 13 34
12 297 30 5
1 298 8 16
10 298 13 32
1 299 8 15
10 299 13 30
23 299 38 23
1 300 8 14
10 300 13 28
23 300 38 22
1 301 8 13
10 301 13 26
23 301 38 21
1 302 8 12
10 302 13 24
23 302 38 19
10 303 13 22
13 303 3 6
23 303 38 18
10 304 13 21
13 304 3 8
22 304 19 30
23 304 38 16
13 305 3 10
22 305 19 31
23 305 38 15
1 306 8 11
10 306 13 21
13 306 3 12
22 306 19 32
23 306 38 14
1 307 8 10
10 307 14 21
13 307 3 12
22 307 19 33
1 308 8 8
7 308 30 24
10 308 15 21
22 308 19 34
1 309 8 7
7 309 28 24
10 309 17 21
17 309 31 25
22 309 19 36
1 310 8 6
7 310 28 24
10 310 18 21
17 310 29 25
22 310 19 36
10 311 19 21
17 311 28 25
10 312 21 21
17 312 26 25
10 313 22 21
17 313 25 25
10 314 23 21
17 314 23 25
22 314 19 36
10 315 25 21
17 315 22 25
22 315 20 36
5 316 21 32
10 316 26 21
17 316 20 25
5 317 21 30
9 317 15 27
10 317 27 21
17 317 19 25
18 317 17 4
20 317 16 2
21 317 2 35
5 318 21 29
9 318 15 28
10 318 29 21
17 318 17 25
18 318 16 4
20 318 18 2
21 318 4 35
5 319 21 28
9 319 15 29
10 319 30 21
17 319 16 25
18 319 14 4
20 319 20 2
21 319 5 35
5 320 21 27
9 320 15 31
10 320 31 21
17 320 14 25
18 320 13 4
20 320 20 2
21 320 5 35
5 321 21 25
9 321 15 32
10 321 33 21
17 321 13 25
18 321 11 4
20 321 22 2
5 322 21 24
9 322 15 34
10 322 34 21
17 322 11 25
18 322 10 4
20 322 23 2
5 323 21 23
9 323 15 35
10 323 35 21
11 323 8 20
17 323 10 25
18 323 8 4
20 323 25 2
3 324 14 33
5 324 21 22
9 324 15 37
10 324 37 21
11 324 8 19
17 324 8 25
18 324 7 4
3 325 14 31
5 325 21 21
9 325 15 37
10 325 37 21
11 325 8 18
17 325 8 25
18 325 5 4
2 326 10 22
3 326 14 29
5 326 21 19
11 326 8 17
17 326 8 26
18 326 4 4
2 327 10 23
3 327 14 27
5 327 21 18
11 327 8 16
17 327 8 27
18 327 2 4
2 328 10 25
3 328 14 26
4 328 17 3
5 328 21 17
11 328 8 15
17 328 8 29
18 328 2 4
2 329 10 27
3 329 14 24
5 329 21 16
11 329 8 14
17 329 8 30
2 330 10 27
3 330 14 22
11 330 8 13
17 330 8 32
3 331 14 21
11 331 8 12
12 331 30 5
17 331 8 33
3 332 14 19
9 332 15 37
11 332 8 11
12 332 29 5
23 332 38 15
3 333 14 18
9 333 13 37
11 333 8 10
12 333 28 5
17 333 9 33
23 333 38 16
9 334 11 37
11 334 8 8
12 334 27 5
17 334 11 33
23 334 38 17
9 335 11 37
11 335 8 7
12 335 26 5
17 335 13 33
23 335 38 18
11 336 8 6
12 336 25 5
17 336 14 33
23 336 38 19
0 337 17 39
11 337 8 5
12 337 24 5
17 337 16 33
23 337 38 21
0 338 19 39
11 338 8 4
12 338 23 5
17 338 18 33
23 338 38 22
0 339 21 39
11 339 8 3
12 339 22 5
17 339 19 33
23 339 38 23
0 340 23 39
8 340 23 19
11 340 8 3
12 340 21 5
17 340 21 33
23 340 38 24
0 341 23 39
8 341 24 19
11 341 8 3
12 341 20 5
14 341 24 34
17 341 23 33
19 341 1 11
22 341 20 35
23 341 38 25
8 342 26 19
11 342 10 3
12 342 19 5
14 342 23 34
17 342 24 33
19 342 1 13
22 342 20 33
23 342 38 27
3 343 15 18
8 343 27 19
11 343 11 3
12 343 18 5
14 343 21 34
17 343 26 33
19 343 1 14
22 343 20 32
23 343 38 28
24 343 28 16
3 344 16 18
8 344 28 19
11 344 13 3
12 344 17 5
14 344 19 34
17 344 28 33
19 344 1 16
22 344 20 30
23 344 38 28
24 344 28 18
3 345 18 18
8 345 29 19
11 345 14 3
12 345 16 5
14 345 18 34
17 345 29 33
19 345 1 17
22 345 20 29
24 345 28 19
3 346 18 18
7 346 28 24
8 346 30 19
11 346 16 3
12 346 15 5
14 346 16 34
17 346 31 33
19 346 1 19
22 346 20 27
24 346 28 21
7 347 30 24
8 347 31 19
10 347 35 21
11 347 17 3
12 347 14 5
14 347 14 34
17 347 33 33
19 347 1 20
22 347 20 25
24 347 28 23
7 348 31 24
8 348 32 19
10 348 33 21
11 348 19 3
12 348 13 5
13 348 3 12
14 348 14 34
17 348 34 33
19 348 1 21
22 348 20 24
24 348 28 25
7 349 33 24
8 349 34 19
10 349 32 21
11 349 20 3
12 349 12 5
13 349 3 14
17 349 36 33
22 349 20 22
24 349 28 26
7 350 34 24
8 350 35 19
11 350 22 3
12 350 11 5
13 350 3 15
17 350 36 33
22 350 20 21
24 350 28 27
7 351 36 24
8 351 36 19
11 351 23 3
12 351 10 5
13 351 3 17
22 351 20 19
7 352 36 24
8 352 37 19
11 352 24 3
12 352 9 5
13 352 3 17
22 352 20 18
8 353 37 19
22 353 20 16
1 354 9 6
5 354 21 16
22 354 20 15
1 355 11 6
5 355 21 15
22 355 20 13
1 356 12 6
5 356 21 13
11 356 25 3
22 356 20 11
1 357 14 6
5 357 21 12
11 357 26 3
22 357 20 10
1 358 15 6
5 358 21 11
11 358 26 3
22 358 20 8
1 359 17 6
4 359 18 3
5 359 21 10
16 359 22 20
22 359 20 7
1 360 18 6
4 360 19 3
16 360 24 20
22 360 20 5
1 361 20 6
4 361 20 3
16 361 26 20
22 361 20 4
1 362 21 6
4 362 22 3
16 362 28 20
22 362 20 2
1 363 23 6
4 363 23 3
16 363 30 20
22 363 20 1
1 364 25 6
2 364 11 27
4 364 24 3
15 364 3 8
16 364 32 20
22 364 20 0
0 365 23 39
1 365 26 6
4 365 25 3
14 365 14 33
15 365 5 8
16 365 33 20
0 366 22 39
4 366 26 3
10 366 31 21
14 366 14 32
15 366 7 8
16 366 35 20
0 367 21 39
10 367 29 21
14 367 14 31
15 367 9 8
16 367 37 20
0 368 19 39
10 368 28 21
14 368 14 30
15 368 10 8
0 369 18 39
10 369 26 21
14 369 14 29
15 369 12 8
22 369 20 1
0 370 17 39
10 370 24 21
14 370 14 28
15 370 14 8
22 370 20 2
0 371 16 39
2 371 11 26
10 371 23 21
14 371 14 27
15 371 15 8
22 371 20 3
0 372 15 39
2 372 11 25
10 372 21 21
14 372 14 26
15 372 17 8
22 372 20 5
0 373 13 39
2 373 11 23
10 373 20 21
14 373 14 25
15 373 19 8
22 373 20 6
0 374 12 39
10 374 18 21
14 374 14 24
15 374 20 8
18 374 2 4
22 374 20 7
0 375 12 39
9 375 12 37
10 375 16 21
14 375 14 22
15 375 22 8
18 375 4 4
22 375 20 9
9 376 13 37
10 376 16 21
11 376 25 3
14 376 14 21
15 376 24 8
18 376 6 4
22 376 20 10
9 377 14 37
11 377 24 3
14 377 14 20
15 377 25 8
18 377 8 4
22 377 20 11
2 378 11 22
5 378 22 10
9 378 15 37
11 378 22 3
14 378 14 19
18 378 10 4
22 378 20 12
2 379 11 21
5 379 23 10
9 379 16 37
11 379 21 3
14 379 14 18
18 379 12 4
22 379 20 14
2 380 11 19
5 380 25 10
9 380 17 37
11 380 20 3
14 380 14 17
18 380 14 4
22 380 20 15
2 381 11 18
5 381 27 10
9 381 19 37
11 381 18 3
14 381 14 16
18 381 15 4
22 381 20 16
2 382 11 16
5 382 29 10
9 382 20 37
11 382 17 3
14 382 14 15
18 382 17 4
22 382 20 18
24 382 28 27
2 383 11 15
5 383 30 10
9 383 21 37
11 383 16 3
14 383 14 14
16 383 37 20
18 383 19 4
22 383 20 19
2 384 11 13
5 384 32 10
9 384 22 37
11 384 14 3
14 384 14 13
16 384 37 18
18 384 21 4
19 384 1 21
22 384 20 20
2 385 11 12
5 385 34 10
9 385 23 37
11 385 13 3
14 385 14 12
16 385 37 16
18 385 21 4
19 385 2 21
22 385 20 22
2 386 11 10
5 386 35 10
9 386 23 37
11 386 11 3
12 386 9 6
14 386 14 11
16 386 37 14
19 386 3 21
22 386 20 23
1 387 26 7
2 387 11 9
5 387 37 10
11 387 10 3
12 387 9 8
14 387 14 10
16 387 37 14
19 387 5 21
22 387 20 24
1 388 26 9
2 388 11 7
5 388 37 10
11 388 9 3
12 388 9 9
14 388 14 9
19 388 6 21
22 388 20 26
23 388 37 28
1 389 26 10
2 389 11 6
11 389 7 3
12 389 9 11
14 389 14 7
19 389 7 21
22 389 20 27
23 389 36 28
1 390 26 11
2 390 11 4
11 390 7 3
12 390 9 12
14 390 14 6
22 390 20 28
23 390 35 28
2 391 11 3
12 391 9 14
14 391 14 5
22 391 20 30
23 391 34 28
2 392 11 2
12 392 9 16
14 392 14 4
22 392 20 31
23 392 33 28
12 393 9 17
14 393 14 3
16 393 36 14
22 393 20 32
23 393 32 28
3 394 18 18
12 394 9 19
14 394 14 2
16 394 35 14
22 394 20 33
23 394 30 28
3 395 18 16
6 395 30 20
12 395 9 21
14 395 14 2
16 395 33 14
22 395 20 35
23 395 29 28
3 396 18 15
6 396 28 20
12 396 9 22
16 396 32 14
22 396 20 35
23 396 28 28
3 397 18 13
6 397 26 20
12 397 9 24
16 397 31 14
23 397 27 28
3 398 18 12
6 398 24 20
7 398 36 24
12 398 9 25
16 398 30 14
23 398 26 28
3 399 18 11
6 399 22 20
7 399 36 24
12 399 9 26
16 399 28 14
23 399 25 28
4 400 26 3
6 400 20 20
8 400 37 19
16 400 27 14
4 401 26 5
6 401 18 20
7 401 35 24
8 401 37 21
16 401 26 14
4 402 26 7
6 402 16 20
7 402 34 24
8 402 37 22
16 402 25 14
4 403 26 9
6 403 15 20
7 403 33 24
8 403 37 23
16 403 24 14
4 404 26 11
6 404 13 20
7 404 32 24
8 404 37 24
16 404 22 14
4 405 26 13
6 405 11 20
7 405 31 24
8 405 37 26
16 405 21 14
18 405 21 4
4 406 26 15
6 406 9 20
7 406 30 24
8 406 37 26
16 406 20 14
18 406 20 4
4 407 26 17
6 407 7 20
7 407 29 24
16 407 19 14
18 407 19 4
4 408 26 19
6 408 7 20
7 408 28 24
16 408 17 14
18 408 18 4
4 409 26 21
7 409 27 24
16 409 16 14
18 409 17 4
4 410 26 23
7 410 26 24
14 410 14 2
16 410 15 14
18 410 16 4
4 411 26 25
7 411 24 24
14 411 14 3
16 411 14 14
18 411 14 4
4 412 26 27
7 412 23 24
15 412 25 10
16 412 12 14
18 412 14 4
23 412 25 28
4 413 26 27
7 413 22 24
10 413 16 22
15 413 25 11
16 413 11 14
7 414 21 24
10 414 16 23
15 414 25 13
16 414 10 14
7 415 20 24
10 415 16 25
16 415 9 14
7 416 19 24
10 416 16 26
16 416 8 14
21 416 6 35
7 417 18 24
10 417 16 28
16 417 6 14
21 417 7 35
7 418 17 24
10 418 16 30
16 418 5 14
21 418 9 35
7 419 16 24
10 419 16 31
16 419 4 14
21 419 10 35
7 420 15 24
10 420 16 33
16 420 3 14
18 420 14 4
21 420 12 35
7 421 14 24
10 421 16 33
18 421 14 3
20 421 25 2
21 421 14 35
7 422 13 24
18 422 14 2
20 422 25 3
21 422 15 35
7 423 12 24
20 423 25 4
21 423 17 35
24 423 28 28
3 424 18 11
7 424 11 24
20 424 25 6
21 424 18 35
24 424 28 29
3 425 18 12
7 425 10 24
14 425 14 4
20 425 25 7
21 425 20 35
24 425 28 31
3 426 18 13
7 426 9 24
14 426 14 6
20 426 25 8
21 426 21 35
24 426 28 32
3 427 18 14
14 427 14 8
20 427 25 9
21 427 23 35
24 427 28 33
20 428 25 10
21 428 24 35
24 428 28 34
20 429 25 12
21 429 26 35
24 429 28 36
20 430 25 13
21 430 28 35
24 430 28 37
20 431 25 14
21 431 29 35
24 431 28 38
20 432 25 15
21 432 31 35
20 433 25 16
21 433 32 35
20 434 25 18
21 434 33 35
15 435 25 13
20 435 25 19
15 436 25 15
19 436 5 21
20 436 25 20
22 436 20 35
9 437 22 37
15 437 25 16
19 437 4 21
20 437 25 21
22 437 22 35
9 438 20 37
15 438 25 17
20 438 25 22
22 438 23 35
9 439 18 37
15 439 25 19
20 439 25 24
22 439 25 35
9 440 16 37
15 440 25 20
20 440 25 25
22 440 27 35
9 441 15 37
15 441 25 21
20 441 25 26
22 441 29 35
15 442 25 23
20 442 25 27
22 442 31 35
15 443 25 24
20 443 25 29
22 443 31 35
4 444 25 27
15 444 25 25
20 444 25 30
4 445 25 27
15 445 25 24
20 445 25 30
6 446 7 20
1 447 26 9
6 447 9 20
1 448 26 7
6 448 10 20
1 449 26 6
6 449 11 20
6 450 13 20
6 451 14 20
20 451 25 30
6 452 15 20
12 452 9 25
20 452 25 28
6 453 17 20
12 453 9 24
20 453 25 27
6 454 18 20
12 454 9 23
20 454 25 25
6 455 19 20
12 455 9 21
14 455 14 8
20 455 25 24
6 456 20 20
12 456 9 20
14 456 14 10
20 456 25 22
6 457 22 20
12 457 9 19
14 457 14 11
20 457 25 21
6 458 23 20
12 458 9 17
14 458 14 13
20 458 25 20
6 459 24 20
12 459 9 16
14 459 14 14
20 459 25 18
6 460 26 20
12 460 9 15
14 460 14 16
20 460 25 17
6 461 27 20
12 461 9 13
14 461 14 18
20 461 25 15
6 462 28 20
12 462 9 13
14 462 14 19
20 462 25 14
6 463 30 20
14 463 14 21
20 463 25 12
6 464 31 20
14 464 14 22
20 464 25 11
3 465 18 13
5 465 37 10
6 465 32 20
14 465 14 24
3 466 18 12
5 466 37 12
6 466 33 20
14 466 14 25
15 466 26 24
5 467 37 14
15 467 27 24
19 467 5 21
5 468 37 16
15 468 29 24
19 468 7 21
5 469 37 18
10 469 16 34
15 469 30 24
19 469 9 21
5 470 37 20
15 470 30 24
19 470 11 21
5 471 37 22
17 471 35 33
19 471 12 21
20 471 25 11
5 472 37 23
17 472 34 33
19 472 14 21
20 472 25 13
5 473 37 25
17 473 33 33
19 473 16 21
5 474 37 27
17 474 32 33
19 474 18 21
5 475 37 29
8 475 36 26
17 475 31 33
19 475 20 21
0 476 12 38
5 476 37 31
8 476 35 26
17 476 30 33
19 476 21 21
22 476 31 34
0 477 12 36
5 477 37 33
8 477 34 26
17 477 29 33
19 477 23 21
22 477 31 33
0 478 12 36
2 478 11 2
5 478 37 33
8 478 32 26
17 478 28 33
19 478 25 21
22 478 31 32
8 479 31 26
17 479 26 33
19 479 27 21
22 479 31 30
23 479 25 28
8 480 30 26
17 480 25 33
19 480 29 21
22 480 31 29
23 480 23 28
8 481 29 26
17 481 24 33
19 481 30 21
22 481 31 28
23 481 23 28
8 482 27 26
14 482 15 25
17 482 23 33
19 482 30 21
22 482 31 27
8 483 26 26
14 483 16 25
17 483 23 33
8 484 25 26
14 484 17 25
8 485 23 26
14 485 18 25
8 486 22 26
14 486 20 25
8 487 21 26
14 487 21 25
8 488 19 26
14 488 21 25
8 489 18 26
8 490 17 26
8 491 16 26
8 492 14 26
8 493 13 26
8 494 12 26
8 495 10 26
3 496 17 12
8 496 9 26
14 496 21 24
3 497 16 12
8 497 8 26
14 497 21 22
3 498 15 12
8 498 8 26
14 498 21 20
3 499 14 12
14 499 21 18
3 500 13 12
4 500 25 26
14 500 21 17
1 501 26 6
3 501 12 12
4 501 25 25
14 501 21 15
1 502 26 8
3 502 12 12
4 502 25 23
14 502 21 14
0 503 13 36
1 503 26 10
3 503 12 13
4 503 25 21
0 504 14 36
1 504 26 12
3 504 12 14
4 504 25 19
0 505 15 36
1 505 26 14
3 505 12 15
4 505 25 18
6 505 31 20
18 505 14 3
0 506 17 36
1 506 26 16
3 506 12 16
4 506 25 16
6 506 30 20
18 506 14 5
0 507 18 36
1 507 26 18
3 507 12 17
4 507 25 14
6 507 29 20
18 507 14 7
24 507 28 39
0 508 20 36
1 508 26 20
3 508 12 18
4 508 25 12
6 508 28 20
18 508 14 9
0 509 21 36
1 509 26 22
3 509 12 19
4 509 25 11
6 509 26 20
18 509 14 11
21 509 32 35
0 510 22 36
1 510 26 23
3 510 12 20
4 510 25 9
6 510 25 20
21 510 31 35
0 511 24 36
1 511 26 25
3 511 12 21
4 511 25 7
6 511 24 20
21 511 30 35
0 512 25 36
1 512 26 26
3 512 12 22
4 512 25 5
20 512 25 13
21 512 29 35
0 513 26 36
3 513 12 23
4 513 25 4
17 513 22 33
20 513 25 14
21 513 28 35
2 514 11 3
3 514 12 24
4 514 25 2
17 514 20 33
20 514 25 15
21 514 26 35
2 515 11 4
3 515 12 25
4 515 25 0
15 515 29 24
17 515 18 33
20 515 25 16
21 515 25 35
2 516 11 6
3 516 12 26
4 516 25 4
12 516 9 13
15 516 29 24
16 516 3 14
17 516 16 33
21 516 24 35
2 517 11 7
3 517 12 27
12 517 10 13
16 517 3 12
17 517 15 33
21 517 23 35
2 518 11 8
3 518 12 28
12 518 12 13
16 518 3 12
17 518 13 33
21 518 22 35
22 518 30 27
2 519 11 10
3 519 12 29
12 519 13 13
17 519 11 33
18 519 16 11
21 519 20 35
22 519 29 27
2 520 11 11
3 520 12 30
12 520 15 13
17 520 9 33
18 520 17 11
21 520 19 35
22 520 27 27
2 521 11 13
3 521 12 31
12 521 16 13
17 521 7 33
18 521 19 11
21 521 18 35
22 521 26 27
2 522 11 14
3 522 12 32
12 522 17 13
17 522 5 33
18 522 21 11
21 522 17 35
22 522 25 27
2 523 11 15
3 523 12 33
5 523 37 33
12 523 19 13
17 523 4 33
18 523 22 11
21 523 16 35
22 523 24 27
2 524 11 17
3 524 12 34
5 524 37 31
12 524 20 13
18 524 24 11
21 524 14 35
22 524 23 27
1 525 25 26
2 525 11 18
3 525 12 35
5 525 37 30
12 525 21 13
18 525 24 11
21 525 13 35
22 525 21 27
1 526 23 26
2 526 11 19
3 526 12 36
5 526 37 28
21 526 12 35
22 526 20 27
1 527 22 26
2 527 11 21
3 527 12 36
5 527 37 26
21 527 12 35
22 527 19 27
1 528 20 26
2 528 11 22
5 528 37 25
12 528 21 13
22 528 18 27
1 529 19 26
2 529 11 23
12 529 20 13
22 529 16 27
1 530 17 26
2 530 11 25
12 530 18 13
22 530 15 27
1 531 16 26
2 531 11 25
12 531 17 13
22 531 14 27
1 532 14 26
12 532 15 13
22 532 13 27
1 533 13 26
12 533 13 13
22 533 12 27
1 534 11 26
10 534 16 34
12 534 12 13
22 534 10 27
0 535 25 36
1 535 10 26
10 535 17 34
12 535 10 13
16 535 3 12
22 535 9 27
0 536 23 36
1 536 8 26
10 536 18 34
12 536 8 13
16 536 3 10
22 536 8 27
0 537 21 36
1 537 6 26
10 537 19 34
12 537 7 13
14 537 23 14
16 537 3 9
0 538 20 36
1 538 5 26
10 538 20 34
14 538 24 14
16 538 3 7
18 538 25 11
0 539 18 36
1 539 5 26
10 539 22 34
14 539 25 14
16 539 3 6
18 539 26 11
0 540 16 36
1 540 5 26
10 540 23 34
14 540 27 14
16 540 3 4
18 540 27 11
0 541 14 36
1 541 5 28
10 541 24 34
11 541 8 3
14 541 28 14
16 541 3 3
18 541 28 11
0 542 12 36
1 542 5 30
10 542 25 34
11 542 10 3
14 542 29 14
16 542 3 1
18 542 30 11
21 542 12 35
0 543 10 36
1 543 5 31
10 543 26 34
11 543 12 3
14 543 31 14
16 543 3 0
18 543 31 11
21 543 13 35
0 544 9 36
10 544 27 34
11 544 14 3
14 544 32 14
18 544 32 11
21 544 14 35
0 545 7 36
10 545 28 34
11 545 16 3
14 545 33 14
21 545 15 35
0 546 6 36
10 546 29 34
11 546 18 3
14 546 35 14
21 546 16 35
10 547 30 34
11 547 20 3
14 547 36 14
21 547 17 35
10 548 32 34
11 548 22 3
14 548 37 14
21 548 18 35
10 549 33 34
11 549 23 3
14 549 38 14
21 549 19 35
10 550 34 34
11 550 25 3
21 550 20 35
23 550 23 28
10 551 35 34
11 551 27 3
13 551 3 16
21 551 21 35
23 551 23 26
10 552 35 34
11 552 29 3
13 552 3 14
18 552 32 10
21 552 22 35
23 552 23 25
2 553 11 25
11 553 31 3
13 553 3 13
14 553 38 13
18 553 32 8
21 553 23 35
23 553 23 24
2 554 12 25
11 554 32 3
13 554 3 12
14 554 38 11
18 554 32 6
21 554 24 35
2 555 14 25
13 555 3 10
14 555 38 9
21 555 26 35
2 556 16 25
13 556 3 10
14 556 38 7
21 556 27 35
2 557 17 25
4 557 25 4
14 557 38 5
18 557 32 7
21 557 28 35
2 558 19 25
4 558 26 4
14 558 38 4
18 558 32 8
21 558 29 35
2 559 20 25
4 559 27 4
18 559 32 10
21 559 30 35
2 560 22 25
4 560 28 4
15 560 29 24
18 560 32 11
21 560 31 35
2 561 23 25
15 561 28 24
18 561 32 12
21 561 32 35
2 562 25 25
15 562 26 24
18 562 32 13
21 562 32 35
0 563 7 36
2 563 26 25
15 563 25 24
18 563 32 14
0 564 9 36
2 564 27 25
6 564 24 19
15 564 24 24
18 564 32 16
0 565 10 36
6 565 24 17
15 565 23 24
18 565 32 17
0 566 12 36
6 566 24 16
15 566 22 24
18 566 32 18
0 567 14 36
6 567 24 14
15 567 21 24
18 567 32 19
0 568 16 36
6 568 24 12
7 568 9 24
14 568 38 4
15 568 20 24
18 568 32 20
0 569 18 36
6 569 24 10
7 569 9 26
14 569 36 4
15 569 19 24
18 569 32 22
0 570 20 36
6 570 24 9
7 570 9 27
14 570 35 4
15 570 18 24
18 570 32 22
6 571 24 7
7 571 9 29
14 571 34 4
15 571 17 24
6 572 24 7
7 572 9 30
14 572 33 4
15 572 16 24
14 573 32 4
15 573 15 24
14 574 31 4
15 574 14 24
14 575 29 4
15 575 13 24
0 576 20 35
14 576 28 4
15 576 12 24
0 577 20 34
3 577 11 36
14 577 27 4
15 577 11 24
23 577 23 24
0 578 20 33
8 578 8 27
14 578 26 4
15 578 11 24
19 578 30 20
22 578 7 27
23 578 23 25
0 579 20 32
8 579 8 29
14 579 25 4
19 579 30 19
22 579 6 27
23 579 23 27
0 580 20 30
8 580 8 30
11 580 32 3
14 580 24 4
19 580 30 17
22 580 5 27
23 580 23 28
0 581 20 29
8 581 8 31
11 581 30 3
14 581 22 4
19 581 30 16
22 581 4 27
23 581 23 29
24 581 28 38
0 582 20 28
8 582 8 33
11 582 28 3
14 582 21 4
17 582 4 32
19 582 30 14
22 582 4 27
23 582 23 30
24 582 28 36
0 583 20 27
8 583 8 33
11 583 27 3
14 583 20 4
17 583 4 30
19 583 30 13
23 583 23 31
24 583 28 35
0 584 20 25
11 584 25 3
14 584 19 4
17 584 4 28
19 584 30 11
23 584 23 31
24 584 28 33
0 585 20 24
11 585 23 3
14 585 18 4
17 585 4 26
19 585 30 10
24 585 28 31
0 586 20 23
11 586 22 3
14 586 17 4
19 586 30 8
24 586 28 29
0 587 20 22
11 587 21 3
14 587 16 4
15 587 11 23
19 587 30 6
24 587 28 28
0 588 20 20
12 588 8 13
15 588 11 21
19 588 30 5
20 588 25 16
24 588 28 26
0 589 20 19
12 589 10 13
15 589 11 19
19 589 30 3
20 589 25 17
24 589 28 24
0 590 20 18
10 590 35 33
12 590 11 13
15 590 11 18
19 590 30 2
20 590 25 19
24 590 28 22
0 591 20 17
10 591 35 32
15 591 11 16
19 591 30 0
20 591 25 20
24 591 28 21
0 592 20 16
10 592 35 31
15 592 11 15
19 592 30 0
20 592 25 21
0 593 20 14
6 593 23 7
10 593 35 30
15 593 11 13
20 593 25 23
0 594 20 13
6 594 21 7
10 594 35 28
15 594 11 11
16 594 4 0
20 594 25 24
0 595 20 12
6 595 19 7
7 595 10 30
10 595 35 27
15 595 11 10
16 595 6 0
20 595 25 25
0 596 20 11
1 596 5 31
6 596 17 7
7 596 12 30
10 596 35 26
15 596 11 8
16 596 7 0
20 596 25 27
0 597 20 9
1 597 5 33
2 597 26 25
6 597 15 7
7 597 13 30
10 597 35 24
15 597 11 6
16 597 9 0
20 597 25 28
0 598 20 8
1 598 5 33
2 598 24 25
6 598 14 7
7 598 15 30
10 598 35 23
15 598 11 5
16 598 11 0
20 598 25 29
0 599 20 7
2 599 23 25
6 599 12 7
7 599 16 30
10 599 35 22
15 599 11 3
16 599 13 0
20 599 25 31
0 600 20 6
2 600 21 25
6 600 10 7
7 600 18 30
10 600 35 21
15 600 11 2
16 600 14 0
18 600 32 22
20 600 25 32
0 601 20 4
2 601 20 25
6 601 8 7
7 601 19 30
10 601 35 19
15 601 11 0
18 601 32 23
20 601 25 34
0 602 20 3
2 602 18 25
6 602 6 7
7 602 21 30
10 602 35 18
15 602 11 0
18 602 32 24
20 602 25 35
0 603 20 2
2 603 17 25
6 603 4 7
7 603 22 30
10 603 35 17
18 603 32 25
20 603 25 36
0 604 20 1
2 604 16 25
4 604 28 4
6 604 3 7
7 604 24 30
10 604 35 15
12 604 13 13
18 604 32 26
20 604 25 38
2 605 14 25
4 605 26 4
7 605 25 30
10 605 35 14
12 605 15 13
18 605 32 26
20 605 25 38
21 605 32 34
2 606 13 25
4 606 24 4
7 606 26 30
10 606 35 13
12 606 15 13
21 606 32 33
2 607 11 25
4 607 23 4
10 607 35 12
20 607 25 37
21 607 32 32
2 608 10 25
4 608 21 4
9 608 15 36
10 608 35 10
20 608 25 36
21 608 32 31
2 609 8 25
4 609 19 4
9 609 15 34
10 609 35 9
20 609 25 34
21 609 32 30
2 610 8 25
4 610 18 4
8 610 8 33
9 610 15 32
10 610 35 8
20 610 25 33
21 610 32 29
4 611 16 4
8 611 10 33
9 611 15 31
10 611 35 6
20 611 25 32
21 611 32 28
4 612 14 4
8 612 12 33
9 612 15 29
10 612 35 5
17 612 4 26
20 612 25 30
21 612 32 27
4 613 13 4
8 613 14 33
9 613 15 27
10 613 35 4
17 613 4 24
20 613 25 29
21 613 32 26
4 614 11 4
8 614 16 33
9 614 15 25
10 614 35 3
17 614 4 23
20 614 25 28
21 614 32 24
24 614 30 21
4 615 9 4
8 615 17 33
9 615 15 24
10 615 35 1
17 615 4 22
20 615 25 27
21 615 32 23
24 615 31 21
3 616 11 36
4 616 8 4
8 616 19 33
9 616 15 22
10 616 35 0
20 616 25 25
21 616 32 22
24 616 32 21
3 617 11 35
4 617 6 4
8 617 21 33
9 617 15 20
10 617 35 0
20 617 25 24
21 617 32 21
24 617 34 21
3 618 11 33
4 618 5 4
8 618 23 33
9 618 15 19
20 618 25 23
21 618 32 20
24 618 34 21
3 619 11 32
4 619 3 4
8 619 25 33
9 619 15 17
20 619 25 22
21 619 32 19
3 620 11 31
4 620 2 4
8 620 26 33
9 620 15 17
20 620 25 20
21 620 32 18
3 621 11 30
9 621 15 16
20 621 25 19
21 621 32 17
22 621 4 27
3 622 11 28
9 622 15 15
20 622 25 18
21 622 32 16
22 622 5 27
3 623 11 27
20 623 25 17
21 623 32 15
22 623 6 27
3 624 11 26
20 624 25 15
21 624 32 14
22 624 8 27
23 624 23 31
3 625 11 25
20 625 25 14
21 625 32 13
22 625 9 27
23 625 24 31
0 626 20 2
3 626 11 23
20 626 25 13
21 626 32 12
22 626 10 27
23 626 26 31
0 627 20 3
3 627 11 22
17 627 4 22
20 627 25 11
22 627 11 27
23 627 27 31
0 628 20 5
3 628 11 21
20 628 25 11
22 628 12 27
23 628 28 31
0 629 20 7
3 629 11 21
22 629 13 27
23 629 29 31
0 630 20 9
22 630 14 27
23 630 30 31
0 631 20 10
1 631 5 33
22 631 15 27
1 632 6 33
7 632 26 30
22 632 15 27
1 633 7 33
7 633 28 30
1 634 8 33
7 634 30 30
1 635 10 33
5 635 37 25
7 635 31 30
1 636 11 33
5 636 36 25
1 637 12 33
5 637 34 25
1 638 13 33
5 638 33 25
1 639 14 33
5 639 31 25
18 639 33 26
1 640 15 33
5 640 30 25
18 640 34 26
19 640 30 0
1 641 16 33
5 641 28 25
18 641 36 26
19 641 29 0
1 642 18 33
5 642 27 25
18 642 37 26
1 643 18 33
5 643 26 25
5 644 24 25
12 644 16 13
5 645 23 25
12 645 18 13
9 646 16 15
12 646 20 13
18 646 37 26
9 647 17 15
12 647 22 13
13 647 3 10
17 647 5 22
18 647 35 26
9 648 18 15
12 648 23 13
13 648 3 12
17 648 6 22
18 648 34 26
9 649 19 15
12 649 25 13
13 649 3 13
18 649 32 26
9 650 20 15
12 650 27 13
13 650 3 15
18 650 31 26
9 651 21 15
12 651 28 13
13 651 3 17
18 651 29 26
12 652 30 13
13 652 3 18
18 652 28 26
12 653 32 13
13 653 3 20
18 653 26 26
24 653 34 21
12 654 33 13
13 654 3 21
18 654 25 26
24 654 34 23
13 655 3 23
18 655 23 26
24 655 34 24
13 656 3 25
18 656 22 26
24 656 34 26
13 657 3 26
18 657 20 26
24 657 34 28
13 658 3 28
18 658 19 26
24 658 34 29
6 659 3 7
13 659 3 29
18 659 17 26
6 660 5 7
18 660 16 26
6 661 6 7
18 661 16 26
6 662 8 7
6 663 10 7
8 663 26 33
14 663 18 4
6 664 12 7
8 664 28 33
14 664 20 4
6 665 13 7
8 665 28 33
14 665 21 4
6 666 15 7
14 666 23 4
21 666 32 12
6 667 17 7
14 667 25 4
20 667 25 11
21 667 30 12
6 668 18 7
20 668 26 11
21 668 29 12
9 669 22 15
20 669 28 11
21 669 27 12
9 670 24 15
20 670 29 11
21 670 26 12
9 671 25 15
20 671 30 11
21 671 24 12
9 672 27 15
21 672 23 12
9 673 28 15
21 673 22 12
9 674 30 15
21 674 20 12
5 675 23 24
9 675 31 15
21 675 19 12
5 676 23 23
8 676 28 33
9 676 33 15
21 676 17 12
5 677 23 22
8 677 27 33
9 677 34 15
21 677 16 12
3 678 13 21
5 678 23 21
9 678 36 15
21 678 14 12
3 679 15 21
5 679 23 19
9 679 37 15
21 679 13 12
3 680 17 21
5 680 23 18
21 680 11 12
1 681 18 33
3 681 19 21
5 681 23 18
21 681 10 12
1 682 17 33
3 682 21 21
10 682 35 1
11 682 21 4
21 682 8 12
3 683 23 21
7 683 32 30
10 683 35 2
11 683 21 5
21 683 7 12
3 684 25 21
7 684 33 30
10 684 35 4
11 684 21 7
15 684 11 0
21 684 6 12
24 684 34 28
3 685 27 21
10 685 35 6
11 685 21 8
15 685 12 0
22 685 15 26
24 685 34 26
3 686 29 21
10 686 35 7
11 686 21 9
21 686 6 11
22 686 15 25
24 686 34 25
3 687 30 21
7 687 33 29
10 687 35 9
11 687 21 10
21 687 6 9
22 687 15 24
24 687 34 23
3 688 32 21
7 688 33 27
10 688 35 10
11 688 21 11
21 688 6 7
22 688 15 22
24 688 34 21
7 689 33 25
10 689 35 12
11 689 21 13
21 689 6 5
22 689 15 21
24 689 34 19
7 690 33 23
10 690 35 13
11 690 21 14
21 690 6 3
22 690 15 19
24 690 34 17
7 691 33 21
10 691 35 15
11 691 21 15
21 691 6 1
22 691 15 18
24 691 34 16
7 692 33 19
10 692 35 16
11 692 21 16
21 692 6 0
22 692 15 16
24 692 34 14
7 693 33 18
10 693 35 18
11 693 21 17
22 693 15 15
24 693 34 13
10 694 35 20
11 694 21 19
22 694 15 14
10 695 35 21
11 695 21 20
22 695 15 12
8 696 27 32
10 696 35 23
11 696 21 21
8 697 27 30
10 697 35 24
11 697 21 22
8 698 27 29
10 698 35 26
11 698 21 23
8 699 27 27
10 699 35 27
11 699 21 25
8 700 27 26
10 700 35 29
11 700 21 25
17 700 6 21
2 701 8 25
8 701 27 24
10 701 35 31
17 701 6 20
2 702 8 23
8 702 27 22
10 702 35 32
17 702 6 18
2 703 8 21
8 703 27 21
10 703 35 34
17 703 6 17
2 704 8 19
8 704 27 19
10 704 35 35
17 704 6 16
2 705 8 17
8 705 27 17
17 705 6 15
2 706 8 15
8 706 27 16
14 706 25 4
17 706 6 13
2 707 8 13
8 707 27 14
14 707 25 6
2 708 8 11
8 708 27 13
14 708 25 7
2 709 8 9
8 709 27 12
14 709 25 7
2 710 8 8
13 711 4 29
14 711 23 7
13 712 5 29
14 712 22 7
13 713 6 29
4 714 2 4
6 714 18 7
13 714 7 29
4 715 4 4
6 715 18 9
13 715 8 29
4 716 4 4
6 716 18 10
13 716 10 29
6 717 18 11
13 717 11 29
6 718 18 13
13 718 12 29
6 719 18 14
13 719 13 29
17 719 6 14
23 719 28 31
6 720 18 15
13 720 14 29
17 720 6 15
18 720 16 26
23 720 26 31
6 721 18 17
13 721 16 29
17 721 6 17
18 721 16 24
23 721 24 31
6 722 18 18
13 722 17 29
17 722 6 18
18 722 16 23
23 722 22 31
6 723 18 19
13 723 18 29
17 723 6 19
18 723 16 21
20 723 30 11
23 723 21 31
6 724 18 21
13 724 19 29
17 724 6 20
18 724 16 20
23 724 19 31
3 725 32 19
6 725 18 22
13 725 20 29
16 725 14 1
17 725 6 22
18 725 16 18
23 725 17 31
3 726 32 18
6 726 18 23
13 726 21 29
16 726 14 2
17 726 6 23
18 726 16 17
23 726 15 31
3 727 32 18
6 727 18 25
11 727 21 25
13 727 23 29
16 727 14 3
17 727 6 24
18 727 16 16
23 727 13 31
6 728 18 26
11 728 21 26
13 728 24 29
16 728 14 4
17 728 6 25
18 728 16 14
21 728 7 0
23 728 11 31
5 729 23 18
6 729 18 27
11 729 21 28
13 729 25 29
16 729 14 5
17 729 6 27
18 729 16 13
21 729 8 0
23 729 10 31
5 730 23 16
11 730 21 29
13 730 26 29
16 730 14 6
17 730 6 28
18 730 16 11
21 730 10 0
23 730 8 31
5 731 23 14
8 731 26 12
11 731 21 30
13 731 27 29
16 731 14 7
17 731 6 29
18 731 16 10
21 731 12 0
23 731 6 31
5 732 23 14
8 732 24 12
11 732 21 31
16 732 14 9
17 732 6 30
21 732 13 0
23 732 4 31
8 733 22 12
11 733 21 33
16 733 14 10
21 733 15 0
23 733 2 31
8 734 21 12
11 734 21 34
16 734 14 11
17 734 6 30
21 734 17 0
23 734 1 31
5 735 24 14
8 735 19 12
11 735 21 35
16 735 14 12
17 735 6 30
21 735 18 0
5 736 25 14
8 736 17 12
11 736 21 36
16 736 14 13
21 736 20 0
4 737 4 0
5 737 27 14
8 737 15 12
16 737 14 14
21 737 22 0
5 738 28 14
8 738 14 12
16 738 14 15
21 738 23 0
22 738 15 13
5 739 29 14
16 739 14 16
21 739 25 0
22 739 15 14
24 739 34 13
5 740 30 14
16 740 14 18
21 740 27 0
24 740 33 13
1 741 18 33
5 741 32 14
10 741 36 35
13 741 27 28
16 741 14 19
21 741 28 0
24 741 32 13
1 742 20 33
5 742 33 14
7 742 32 18
10 742 37 35
13 742 27 27
16 742 14 20
21 742 30 0
23 742 2 31
24 742 31 13
1 743 21 33
4 743 4 2
5 743 34 14
7 743 31 18
8 743 15 12
10 743 38 35
13 743 27 26
16 743 14 21
21 743 31 0
23 743 4 31
24 743 29 13
4 744 4 4
5 744 35 14
7 744 29 18
8 744 17 12
13 744 27 25
16 744 14 22
23 744 6 31
24 744 28 13
4 745 4 5
7 745 27 18
8 745 18 12
13 745 27 23
16 745 14 23
23 745 8 31
24 745 27 13
4 746 4 7
6 746 17 27
7 746 25 18
8 746 20 12
13 746 27 22
16 746 14 24
23 746 10 31
24 746 26 13
4 747 4 9
7 747 23 18
8 747 22 12
13 747 27 21
16 747 14 26
23 747 11 31
24 747 25 13
4 748 4 11
7 748 21 18
8 748 23 12
13 748 27 20
16 748 14 27
23 748 13 31
24 748 24 13
4 749 4 12
7 749 19 18
8 749 25 12
13 749 27 20
16 749 14 28
23 749 15 31
24 749 23 13
4 750 4 14
7 750 18 18
8 750 27 12
16 750 14 28
23 750 17 31
24 750 22 13
4 751 4 16
7 751 16 18
8 751 28 12
23 751 19 31
24 751 21 13
4 752 4 18
7 752 15 18
8 752 29 12
12 752 32 13
23 752 21 31
24 752 20 13
4 753 4 20
12 753 30 13
23 753 23 31
24 753 19 13
4 754 4 21
12 754 28 13
23 754 25 31
24 754 18 13
2 755 8 8
4 755 4 23
12 755 26 13
17 755 6 30
23 755 27 31
24 755 17 13
2 756 10 8
4 756 4 23
12 756 25 13
17 756 6 32
23 756 29 31
24 756 15 13
2 757 12 8
17 757 6 33
23 757 29 31
24 757 14 13
2 758 14 8
17 758 6 33
24 758 13 13
2 759 16 8
22 759 14 14
24 759 12 13
2 760 18 8
8 760 29 12
22 760 13 14
24 760 11 13
0 761 20 9
2 761 19 8
8 761 31 12
22 761 11 14
24 761 10 13
0 762 20 9
2 762 20 8
8 762 32 12
17 762 6 33
22 762 10 14
24 762 10 13
8 763 32 12
14 763 22 7
17 763 6 31
22 763 9 14
14 764 23 7
17 764 6 30
22 764 7 14
14 765 24 7
22 765 7 14
14 766 26 7
10 767 37 35
14 767 27 7
10 768 36 35
14 768 28 7
10 769 34 35
14 769 29 7
10 770 33 35
14 770 30 7
15 770 13 0
16 770 14 28
10 771 31 35
13 771 27 21
14 771 32 7
15 771 15 0
16 771 13 28
10 772 30 35
13 772 27 22
14 772 33 7
15 772 16 0
20 772 31 11
10 773 28 35
13 773 27 23
14 773 34 7
15 773 18 0
20 773 32 11
7 774 15 18
10 774 27 35
13 774 27 24
14 774 35 7
15 774 19 0
20 774 33 11
7 775 15 18
10 775 25 35
13 775 27 25
14 775 37 7
15 775 21 0
16 775 13 28
20 775 34 11
10 776 24 35
13 776 27 26
14 776 37 7
15 776 22 0
16 776 13 30
20 776 35 11
10 777 22 35
13 777 27 27
14 777 37 6
15 777 24 0
16 777 13 31
20 777 36 11
23 777 29 32
10 778 21 35
13 778 27 28
14 778 37 5
15 778 25 0
16 778 13 33
23 778 29 33
10 779 19 35
13 779 27 29
14 779 37 5
15 779 27 0
16 779 13 34
23 779 29 35
10 780 18 35
13 780 27 30
15 780 28 0
16 780 13 35
23 780 29 36
10 781 16 35
13 781 27 31
15 781 30 0
16 781 13 37
23 781 29 37
10 782 15 35
13 782 27 32
15 782 31 0
16 782 13 38
23 782 29 38
1 783 20 33
10 783 13 35
13 783 27 33
15 783 33 0
1 784 20 33
10 784 12 35
15 784 34 0
1 785 22 33
10 785 12 35
15 785 34 0
1 786 23 33
12 786 23 13
1 787 24 33
9 787 35 15
11 787 21 35
12 787 22 13
1 788 25 33
9 788 34 15
11 788 21 34
12 788 20 13
9 789 32 15
11 789 21 33
12 789 18 13
3 790 32 19
9 790 30 15
11 790 21 32
12 790 16 13
3 791 32 20
9 791 29 15
11 791 21 30
12 791 15 13
11 792 21 29
12 792 14 13
22 792 7 15
11 793 21 28
22 793 7 16
11 794 21 27
22 794 7 17
11 795 21 25
18 795 16 10
22 795 7 18
11 796 21 24
18 796 16 12
22 796 7 19
6 797 17 27
11 797 21 23
18 797 16 14
22 797 7 20
6 798 17 28
11 798 21 22
18 798 16 15
22 798 7 21
6 799 17 29
11 799 21 21
14 799 35 5
18 799 16 17
22 799 7 23
6 800 17 30
11 800 21 19
14 800 34 5
18 800 16 19
22 800 7 24
6 801 17 32
11 801 21 18
13 801 27 33
14 801 32 5
18 801 16 21
22 801 7 25
6 802 17 33
11 802 21 17
13 802 27 31
14 802 31 5
18 802 16 23
20 802 35 11
22 802 7 26
23 802 30 38
6 803 17 34
11 803 21 16
13 803 27 30
14 803 29 5
18 803 16 24
20 803 34 11
22 803 7 27
23 803 31 38
6 804 17 35
11 804 21 15
13 804 27 29
14 804 28 5
18 804 16 26
20 804 32 11
22 804 7 28
23 804 32 38
6 805 17 35
11 805 21 13
13 805 27 27
14 805 26 5
18 805 16 28
20 805 30 11
22 805 7 30
11 806 21 12
13 806 27 26
14 806 25 5
18 806 16 30
20 806 29 11
22 806 7 31
8 807 31 12
11 807 21 11
13 807 27 25
14 807 23 5
18 807 16 32
22 807 7 32
8 808 30 12
11 808 21 10
13 808 27 24
14 808 22 5
18 808 16 32
22 808 7 33
8 809 28 12
11 809 21 9
13 809 27 22
14 809 20 5
22 809 7 34
8 810 27 12
11 810 21 7
13 810 27 21
14 810 19 5
22 810 7 35
0 811 18 9
8 811 25 12
11 811 21 6
13 811 27 20
14 811 19 5
22 811 7 36
0 812 16 9
8 812 24 12
11 812 21 5
13 812 27 19
0 813 14 9
8 813 22 12
11 813 21 4
13 813 27 17
0 814 13 9
7 814 15 18
8 814 21 12
13 814 27 16
0 815 11 9
7 815 17 18
8 815 19 12
13 815 27 15
24 815 10 15
0 816 9 9
7 816 18 18
8 816 18 12
13 816 27 13
24 816 10 16
0 817 7 9
7 817 20 18
8 817 16 12
13 817 27 12
24 817 10 17
0 818 5 9
7 818 21 18
8 818 15 12
9 818 29 17
13 818 27 11
0 819 3 9
7 819 23 18
8 819 13 12
9 819 29 19
13 819 27 10
0 820 2 9
7 820 24 18
8 820 12 12
9 820 29 21
7 821 26 18
8 821 11 12
9 821 29 23
7 822 27 18
8 822 10 12
9 822 29 24
7 823 28 18
9 823 29 26
9 824 29 28
16 824 13 38
9 825 29 30
16 825 14 38
9 826 29 32
16 826 16 38
9 827 29 34
16 827 18 38
9 828 29 36
16 828 19 38
9 829 29 38
16 829 21 38
16 830 22 38
20 830 29 12
20 831 29 14
6 832 17 35
20 832 29 15
1 833 25 34
6 833 17 34
19 833 29 1
20 833 29 17
6 834 17 33
12 834 14 12
19 834 29 3
20 834 29 18
12 835 14 11
19 835 29 4
20 835 29 20
12 836 14 9
19 836 29 5
20 836 29 21
12 837 14 8
19 837 29 7
20 837 29 23
10 838 13 35
12 838 14 6
19 838 29 8
20 838 29 24
10 839 15 35
12 839 14 5
19 839 29 10
20 839 29 26
22 839 7 35
10 840 17 35
12 840 14 4
19 840 29 11
20 840 29 28
22 840 7 33
1 841 25 34
10 841 18 35
19 841 29 13
20 841 29 29
22 841 7 31
1 842 27 34
3 842 32 19
10 842 20 35
19 842 29 14
20 842 29 31
22 842 7 30
1 843 28 34
3 843 32 18
10 843 22 35
19 843 29 15
20 843 29 32
22 843 7 28
1 844 30 34
3 844 32 17
10 844 24 35
19 844 29 17
20 844 29 34
22 844 7 26
1 845 32 34
10 845 25 35
19 845 29 18
20 845 29 35
22 845 7 24
1 846 34 34
10 846 27 35
19 846 29 20
20 846 29 37
22 846 7 24
1 847 36 34
19 847 29 21
20 847 29 37
1 848 37 34
19 848 29 23
19 849 29 24
13 850 28 10
19 850 29 25
19 851 29 27
19 852 29 28
19 853 29 30
19 854 29 31
19 855 29 32
23 857 31 38
2 858 20 8
14 858 19 5
22 858 7 23
23 858 30 38
2 859 20 10
14 859 19 7
21 859 31 1
22 859 7 21
2 860 20 12
14 860 19 8
21 860 31 2
22 860 7 20
2 861 20 14
14 861 19 10
21 861 31 3
22 861 7 18
2 862 20 15
14 862 19 12
17 862 6 30
21 862 31 4
22 862 7 16
2 863 20 17
14 863 19 13
17 863 6 32
21 863 31 5
22 863 7 15
0 864 1 9
2 864 20 19
14 864 19 15
17 864 6 34
21 864 31 6
24 864 11 17
0 865 1 9
2 865 20 21
14 865 19 17
17 865 6 35
21 865 31 7
24 865 12 17
2 866 20 22
14 866 19 17
17 866 6 36
21 866 31 8
24 866 14 17
2 867 20 24
18 867 16 32
21 867 31 9
24 867 15 17
2 868 20 26
18 868 17 32
21 868 31 10
24 868 16 17
2 869 20 27
21 869 31 11
24 869 18 17
2 870 20 29
21 870 31 12
24 870 19 17
2 871 20 30
21 871 31 13
24 871 21 17
6 872 17 31
21 872 31 14
24 872 22 17
6 873 17 30
21 873 31 15
24 873 24 17
6 874 17 29
24 874 24 17
6 875 17 28
7 875 27 18
14 875 18 17
6 876 17 27
7 876 26 18
14 876 17 17
6 877 17 26
7 877 25 18
14 877 16 17
6 878 17 25
7 878 24 18
14 878 15 17
4 879 4 23
6 879 17 23
7 879 23 18
3 880 32 17
4 880 4 21
6 880 17 22
7 880 21 18
20 880 29 36
3 881 30 17
4 881 4 19
6 881 17 21
7 881 20 18
20 881 29 35
3 882 29 17
4 882 4 18
6 882 17 20
7 882 19 18
19 882 30 32
20 882 29 34
3 883 27 17
6 883 17 19
7 883 18 18
10 883 27 34
11 883 21 4
15 883 32 0
18 883 17 30
19 883 32 32
20 883 29 33
0 884 1 9
3 884 26 17
6 884 17 18
7 884 17 18
10 884 27 32
11 884 21 6
15 884 31 0
18 884 17 28
19 884 33 32
20 884 29 32
0 885 3 9
3 885 24 17
6 885 17 17
7 885 17 18
10 885 27 31
11 885 21 7
15 885 29 0
18 885 17 27
19 885 35 32
20 885 29 31
0 886 5 9
3 886 22 17
6 886 17 15
10 886 27 30
11 886 21 9
15 886 27 0
18 886 17 25
19 886 36 32
20 886 29 30
22 886 7 16
24 886 25 17
0 887 7 9
3 887 21 17
6 887 17 14
11 887 21 11
15 887 25 0
16 887 23 38
18 887 17 23
20 887 29 29
22 887 7 17
24 887 26 17
0 888 9 9
3 888 19 17
6 888 17 13
11 888 21 13
15 888 23 0
16 888 23 38
18 888 17 21
20 888 29 28
24 888 27 17
0 889 11 9
3 889 18 17
6 889 17 12
11 889 21 15
12 889 14 4
15 889 21 0
18 889 17 19
20 889 29 27
24 889 27 17
0 890 13 9
3 890 16 17
6 890 17 11
11 890 21 15
12 890 15 4
15 890 20 0
18 890 17 18
20 890 29 26
0 891 13 9
3 891 14 17
6 891 17 10
12 891 17 4
15 891 18 0
20 891 29 25
3 892 13 17
4 892 4 18
6 892 17 9
12 892 18 4
15 892 16 0
20 892 29 24
3 893 11 17
4 893 6 18
6 893 17 7
12 893 19 4
15 893 14 0
20 893 29 23
3 894 10 17
4 894 7 18
6 894 17 6
12 894 20 4
13 894 28 11
15 894 12 0
20 894 29 22
3 895 8 17
4 895 7 18
6 895 17 5
12 895 21 4
13 895 28 13
15 895 11 0
20 895 29 21
3 896 6 17
6 896 17 4
12 896 22 4
13 896 28 15
15 896 11 0
20 896 29 20
3 897 5 17
6 897 17 3
12 897 23 4
13 897 28 17
20 897 29 19
3 898 3 17
6 898 17 2
12 898 24 4
13 898 28 19
20 898 29 18
3 899 2 17
12 899 25 4
13 899 28 21
20 899 29 17
3 900 1 17
12 900 26 4
13 900 28 22
20 900 29 16
12 901 26 4
13 901 28 24
20 901 29 15
13 902 28 26
19 902 36 31
20 902 29 14
13 903 28 28
19 903 36 30
20 903 29 13
13 904 28 30
19 904 36 28
20 904 29 12
13 905 28 32
19 905 36 27
20 905 29 10
21 905 30 15
13 906 28 33
19 906 36 25
20 906 29 9
21 906 29 15
5 907 35 14
13 907 28 35
19 907 36 23
20 907 29 8
5 908 35 13
10 908 27 29
13 908 28 36
19 908 36 22
20 908 29 7
5 909 35 11
10 909 27 28
19 909 36 21
20 909 29 6
24 909 27 17
5 910 35 10
20 910 29 5
24 910 25 17
5 911 35 9
20 911 29 4
24 911 24 17
1 912 37 33
4 912 7 19
5 912 35 7
13 912 28 36
20 912 29 3
24 912 24 17
1 913 37 32
4 913 7 20
5 913 35 6
13 913 27 36
20 913 29 2
1 914 37 31
4 914 7 21
5 914 35 4
13 914 26 36
20 914 29 1
1 915 37 29
4 915 7 23
5 915 35 3
13 915 24 36
20 915 29 1
1 916 37 28
4 916 7 24
5 916 35 2
13 916 23 36
1 917 37 27
2 917 20 30
4 917 7 25
5 917 35 1
13 917 22 36
1 918 37 26
2 918 20 28
4 918 7 26
13 918 21 36
24 918 24 16
1 919 37 24
4 919 7 27
13 919 20 36
24 919 24 15
1 920 37 23
4 920 7 28
9 920 28 38
13 920 19 36
24 920 24 13
1 921 37 22
4 921 7 30
9 921 28 38
13 921 18 36
24 921 23 12
1 922 37 21
4 922 7 31
13 922 16 36
17 922 6 35
24 922 22 12
1 923 37 19
13 923 15 36
16 923 23 38
17 923 6 34
1 924 37 18
13 924 14 36
17 924 6 32
1 925 37 17
17 925 6 30
1 926 37 15
3 926 3 17
17 926 6 29
1 927 37 14
3 927 4 17
17 927 6 27
1 928 37 13
3 928 6 17
9 928 28 37
17 928 6 25
1 929 37 12
3 929 8 17
9 929 28 35
17 929 6 24
1 930 37 10
3 930 9 17
5 930 35 1
9 930 28 33
17 930 6 22
1 931 37 9
3 931 11 17
5 931 35 3
9 931 28 31
17 931 6 20
1 932 37 8
3 932 13 17
5 932 35 4
9 932 28 30
14 932 15 17
17 932 6 19
1 933 37 6
3 933 14 17
5 933 35 5
9 933 28 28
14 933 13 17
17 933 6 17
1 934 37 5
3 934 16 17
5 934 35 6
9 934 28 26
14 934 12 17
15 934 12 0
17 934 6 15
1 935 37 4
3 935 17 17
5 935 35 7
9 935 28 24
14 935 10 17
15 935 13 0
17 935 6 14
1 936 37 3
3 936 19 17
5 936 35 9
9 936 28 23
14 936 9 17
15 936 15 0
17 936 6 12
3 937 21 17
5 937 35 10
9 937 28 21
10 937 27 29
14 937 7 17
15 937 17 0
17 937 6 12
3 938 22 17
5 938 35 11
9 938 28 19
10 938 27 30
14 938 7 17
15 938 19 0
3 939 24 17
5 939 35 12
9 939 28 17
10 939 27 31
15 939 21 0
3 940 24 17
5 940 35 13
9 940 28 16
10 940 27 32
15 940 22 0
5 941 35 15
9 941 28 14
10 941 27 34
15 941 24 0
20 941 29 1
5 942 35 16
9 942 28 12
10 942 27 35
15 942 26 0
20 942 27 1
5 943 35 17
8 943 10 13
9 943 28 12
15 943 28 0
20 943 25 1
5 944 35 18
8 944 10 14
15 944 29 0
20 944 23 1
5 945 35 20
8 945 10 15
15 945 31 0
20 945 22 1
5 946 35 21
8 946 10 16
15 946 33 0
20 946 20 1
5 947 35 22
8 947 10 17
15 947 34 0
20 947 18 1
2 948 20 28
5 948 35 23
8 948 10 18
20 948 16 1
2 949 20 26
5 949 35 24
8 949 10 19
11 949 22 15
20 949 15 1
5 950 35 26
8 950 10 20
11 950 23 15
5 951 35 27
8 951 10 21
11 951 24 15
5 952 35 28
8 952 10 22
11 952 26 15
5 953 35 29
8 953 10 23
11 953 27 15
5 954 35 30
8 954 10 25
11 954 28 15
5 955 35 31
8 955 10 26
11 955 30 15
8 956 10 27
11 956 31 15
8 957 10 28
11 957 32 15
12 957 26 4
8 958 10 29
11 958 33 15
12 958 24 4
18 958 17 18
8 959 10 30
11 959 35 15
12 959 22 4
18 959 16 18
8 960 10 31
12 960 20 4
18 960 15 18
8 961 10 32
12 961 18 4
17 961 7 12
18 961 14 18
8 962 10 33
12 962 17 4
17 962 8 12
18 962 12 18
8 963 10 34
12 963 15 4
16 963 23 38
17 963 9 12
18 963 11 18
19 963 35 21
8 964 10 35
12 964 13 4
15 964 33 0
16 964 22 38
17 964 11 12
18 964 10 18
19 964 34 21
8 965 10 37
12 965 11 4
16 965 21 38
17 965 12 12
18 965 9 18
8 966 10 37
9 966 28 13
12 966 9 4
16 966 19 38
17 966 13 12
18 966 8 18
9 967 28 14
12 967 7 4
16 967 18 38
17 967 15 12
18 967 7 18
0 968 13 10
9 968 28 15
12 968 5 4
16 968 17 38
17 968 16 12
18 968 6 18
0 969 13 11
12 969 4 4
16 969 16 38
17 969 17 12
18 969 5 18
0 970 13 13
16 970 15 38
17 970 18 12
18 970 4 18
0 971 13 15
16 971 14 38
17 971 20 12
18 971 4 18
0 972 13 16
16 972 13 38
17 972 21 12
0 973 13 18
1 973 37 2
16 973 12 38
17 973 22 12
0 974 13 19
1 974 37 1
16 974 11 38
17 974 23 12
1 975 37 0
17 975 25 12
17 976 26 12
3 977 23 17
17 977 27 12
3 978 22 17
17 978 28 12
3 979 21 17
13 979 14 36
3 980 19 17
13 980 14 34
14 980 7 17
3 981 18 17
13 981 14 32
14 981 9 17
3 982 17 17
13 982 14 31
14 982 10 17
3 983 15 17
13 983 14 29
14 983 12 17
3 984 14 17
13 984 14 28
14 984 13 17
3 985 12 17
13 985 14 26
14 985 15 17
3 986 11 17
7 986 17 18
13 986 14 24
14 986 16 17
3 987 10 17
7 987 17 16
11 987 34 15
13 987 14 23
14 987 18 17
3 988 8 17
7 988 17 15
11 988 32 15
13 988 14 21
14 988 19 17
3 989 7 17
7 989 17 14
10 989 27 35
11 989 30 15
13 989 14 20
14 989 21 17
3 990 6 17
4 990 8 31
7 990 17 12
10 990 26 35
11 990 28 15
13 990 14 18
14 990 22 17
23 990 30 38
3 991 4 17
4 991 10 31
7 991 17 11
10 991 24 35
11 991 26 15
13 991 14 16
14 991 24 17
23 991 28 38
3 992 4 17
4 992 12 31
10 992 23 35
11 992 24 15
13 992 14 15
14 992 25 17
23 992 26 38
4 993 14 31
10 993 22 35
11 993 23 15
13 993 14 13
14 993 27 17
23 993 24 38
4 994 16 31
10 994 21 35
13 994 14 12
14 994 28 17
23 994 22 38
4 995 18 31
10 995 20 35
13 995 14 10
14 995 29 17
23 995 20 38
4 996 19 31
10 996 19 35
13 996 14 8
23 996 20 38
4 997 21 31
10 997 18 35
13 997 14 7
23 997 22 38
10 998 16 35
13 998 14 5
22 998 7 17
23 998 24 38
10 999 15 35
13 999 14 4
22 999 7 17
23 999 26 38
10 1000 14 35
20 1000 16 1
23 1000 28 38
10 1001 13 35
20 1001 17 1
23 1001 30 38
10 1002 12 35
20 1002 19 1
23 1002 32 38
10 1003 11 35
18 1003 4 17
20 1003 21 1
23 1003 34 38
10 1004 9 35
18 1004 4 16
19 1004 34 22
20 1004 23 1
23 1004 36 38
10 1005 8 35
19 1005 34 24
20 1005 24 1
10 1006 7 35
19 1006 34 26
20 1006 26 1
10 1007 6 35
20 1007 28 1
10 1008 5 35
20 1008 29 1
12 1009 4 5
20 1009 31 1
12 1010 4 7
20 1010 32 1
12 1011 4 8
9 1012 28 15
12 1012 4 10
13 1012 15 4
9 1013 28 17
12 1013 4 11
13 1013 16 4
0 1014 13 19
9 1014 28 19
12 1014 4 12
13 1014 18 4
0 1015 13 21
9 1015 28 20
12 1015 4 14
13 1015 19 4
15 1015 33 0
0 1016 13 22
9 1016 28 22
12 1016 4 15
13 1016 21 4
15 1016 32 0
0 1017 13 24
9 1017 28 23
12 1017 4 17
13 1017 22 4
15 1017 31 0
0 1018 13 25
8 1018 11 37
9 1018 28 25
12 1018 4 18
13 1018 24 4
15 1018 29 0
0 1019 13 27
2 1019 20 26
8 1019 12 37
9 1019 28 27
12 1019 4 20
13 1019 25 4
15 1019 28 0
0 1020 13 27
2 1020 18 26
8 1020 13 37
9 1020 28 28
12 1020 4 21
13 1020 27 4
15 1020 27 0
2 1021 16 26
8 1021 15 37
9 1021 28 30
12 1021 4 22
13 1021 28 4
15 1021 26 0
2 1022 15 26
8 1022 16 37
9 1022 28 32
12 1022 4 24
13 1022 30 4
15 1022 24 0
2 1023 13 26
8 1023 17 37
9 1023 28 33
12 1023 4 25
13 1023 31 4
15 1023 24 0
2 1024 12 26
8 1024 18 37
9 1024 28 35
12 1024 4 27
13 1024 33 4
2 1025 11 26
8 1025 19 37
9 1025 28 36
12 1025 4 28
13 1025 35 4
16 1025 11 38
2 1026 11 28
8 1026 20 37
12 1026 4 29
13 1026 36 4
16 1026 13 38
2 1027 11 29
8 1027 21 37
12 1027 4 31
16 1027 14 38
7 1028 15 11
8 1028 22 37
12 1028 4 32
16 1028 15 38
4 1029 22 31
7 1029 13 11
8 1029 23 37
12 1029 4 34
16 1029 17 38
22 1029 7 17
4 1030 24 31
7 1030 11 11
8 1030 24 37
12 1030 4 34
16 1030 18 38
22 1030 7 18
3 1031 3 17
4 1031 25 31
7 1031 11 11
8 1031 25 37
16 1031 20 38
22 1031 7 19
3 1032 2 17
4 1032 27 31
5 1032 35 31
8 1032 26 37
16 1032 21 38
22 1032 7 20
4 1033 28 31
5 1033 34 31
8 1033 27 37
16 1033 23 38
22 1033 7 22
24 1033 21 12
4 1034 30 31
5 1034 32 31
8 1034 28 37
16 1034 24 38
22 1034 7 23
24 1034 20 12
4 1035 31 31
5 1035 31 31
16 1035 25 38
19 1035 34 26
22 1035 7 24
24 1035 19 12
4 1036 33 31
5 1036 30 31
16 1036 26 38
19 1036 32 26
22 1036 7 25
4 1037 34 31
5 1037 29 31
19 1037 31 26
22 1037 7 26
5 1038 27 31
7 1038 11 13
19 1038 30 26
22 1038 7 28
5 1039 26 31
7 1039 11 14
19 1039 29 26
22 1039 7 29
5 1040 25 31
7 1040 11 16
22 1040 7 30
5 1041 24 31
7 1041 11 17
22 1041 7 31
5 1042 23 31
7 1042 11 19
22 1042 7 32
7 1043 11 20
22 1043 7 34
6 1044 18 2
7 1044 11 22
22 1044 7 35
6 1045 20 2
7 1045 11 23
11 1045 23 14
22 1045 7 35
6 1046 22 2
7 1046 11 25
11 1046 23 13
6 1047 24 2
7 1047 11 25
11 1047 23 12
22 1047 7 35
19 1048 29 26
22 1048 7 34
19 1049 27 26
22 1049 7 33
19 1050 26 26
22 1050 7 32
18 1051 4 17
19 1051 24 26
22 1051 7 30
18 1052 4 18
19 1052 23 26
22 1052 7 29
18 1053 4 19
19 1053 21 26
22 1053 7 28
18 1054 4 21
19 1054 19 26
22 1054 7 27
18 1055 4 22
19 1055 18 26
22 1055 7 25
11 1056 23 12
14 1056 29 17
18 1056 4 24
19 1056 16 26
22 1056 7 24
11 1057 23 10
14 1057 29 19
18 1057 4 24
19 1057 15 26
22 1057 7 23
11 1058 23 9
14 1058 29 21
11 1059 23 8
14 1059 29 23
11 1060 23 7
14 1060 29 25
11 1061 23 6
14 1061 29 27
11 1062 23 4
14 1062 29 29
11 1063 23 3
14 1063 29 31
11 1064 23 2
14 1064 29 32
10 1065 5 34
11 1065 23 1
10 1066 5 33
11 1066 23 0
10 1067 5 32
10 1068 5 31
10 1069 5 30
10 1070 5 29
5 1071 24 31
10 1071 5 28
5 1072 25 31
10 1072 5 26
1 1073 36 0
3 1073 3 17
5 1073 27 31
10 1073 5 26
12 1073 4 35
1 1074 34 0
3 1074 4 17
5 1074 28 31
1 1075 33 0
4 1075 34 30
5 1075 29 31
16 1075 26 38
1 1076 32 0
4 1076 34 29
5 1076 30 31
9 1076 28 37
16 1076 25 38
0 1077 14 27
1 1077 31 0
4 1077 34 28
5 1077 32 31
9 1077 28 38
16 1077 24 38
0 1078 16 27
1 1078 30 0
4 1078 34 26
5 1078 33 31
9 1078 28 39
16 1078 23 38
0 1079 17 27
1 1079 28 0
4 1079 34 25
5 1079 33 31
13 1079 36 4
16 1079 22 38
0 1080 19 27
1 1080 27 0
4 1080 34 24
13 1080 36 3
16 1080 22 38
0 1081 20 27
1 1081 26 0
4 1081 34 23
13 1081 36 2
15 1081 24 1
0 1082 22 27
1 1082 25 0
4 1082 34 22
15 1082 24 2
0 1083 23 27
1 1083 24 0
3 1083 4 16
4 1083 34 21
15 1083 24 4
0 1084 25 27
1 1084 22 0
3 1084 4 14
4 1084 34 20
15 1084 24 6
0 1085 26 27
1 1085 21 0
2 1085 11 29
3 1085 4 12
4 1085 34 19
15 1085 24 8
23 1085 36 37
0 1086 28 27
1 1086 20 0
2 1086 13 29
3 1086 4 12
4 1086 34 17
15 1086 24 10
23 1086 36 36
0 1087 29 27
1 1087 19 0
2 1087 14 29
4 1087 34 16
15 1087 24 11
23 1087 36 34
0 1088 31 27
1 1088 18 0
2 1088 16 29
4 1088 34 15
15 1088 24 13
23 1088 36 33
0 1089 32 27
1 1089 17 0
2 1089 18 29
4 1089 34 14
15 1089 24 15
23 1089 36 31
1 1090 15 0
2 1090 19 29
4 1090 34 13
5 1090 33 29
15 1090 24 17
23 1090 36 30
1 1091 14 0
2 1091 20 29
4 1091 34 12
5 1091 33 28
10 1091 5 26
15 1091 24 19
20 1091 32 1
23 1091 36 29
24 1091 19 13
1 1092 13 0
5 1092 33 26
10 1092 4 26
15 1092 24 20
20 1092 32 2
23 1092 36 27
24 1092 19 15
1 1093 12 0
5 1093 33 25
8 1093 29 37
10 1093 2 26
12 1093 4 34
15 1093 24 22
20 1093 32 3
23 1093 36 26
24 1093 19 17
1 1094 11 0
5 1094 33 23
8 1094 30 37
12 1094 4 32
15 1094 24 24
20 1094 32 4
23 1094 36 25
24 1094 19 19
1 1095 9 0
5 1095 33 22
8 1095 31 37
12 1095 4 30
15 1095 24 26
20 1095 32 5
23 1095 36 23
24 1095 19 21
1 1096 8 0
2 1096 19 29
5 1096 33 21
8 1096 32 37
12 1096 4 28
15 1096 24 26
20 1096 32 6
23 1096 36 22
24 1096 19 23
1 1097 7 0
3 1097 4 12
8 1097 33 37
12 1097 4 26
20 1097 32 7
23 1097 36 20
24 1097 19 25
1 1098 7 0
8 1098 34 37
12 1098 4 24
20 1098 32 8
23 1098 36 19
24 1098 19 27
8 1099 35 37
12 1099 4 23
20 1099 32 9
23 1099 36 18
24 1099 19 29
8 1100 36 37
12 1100 4 21
20 1100 32 11
23 1100 36 16
24 1100 19 31
8 1101 37 37
12 1101 4 19
20 1101 32 11
23 1101 36 15
24 1101 19 33
8 1102 38 37
12 1102 4 17
23 1102 36 15
24 1102 19 35
8 1103 39 37
12 1103 4 15
24 1103 19 35
12 1104 4 13
12 1105 4 11
5 1106 33 20
12 1106 4 10
5 1107 33 18
5 1108 33 16
11 1108 22 0
4 1109 34 13
5 1109 33 14
11 1109 20 0
19 1109 15 26
4 1110 34 14
5 1110 33 12
11 1110 18 0
19 1110 14 26
4 1111 34 16
5 1111 33 11
11 1111 16 0
19 1111 12 26
4 1112 34 17
5 1112 33 9
11 1112 14 0
19 1112 10 26
5 1113 33 7
6 1113 24 3
10 1113 2 25
11 1113 13 0
19 1113 8 26
6 1114 24 5
10 1114 2 23
19 1114 6 26
0 1115 32 27
6 1115 24 6
9 1115 28 39
10 1115 2 22
19 1115 5 26
0 1116 32 26
6 1116 24 8
9 1116 28 37
10 1116 2 20
19 1116 3 26
0 1117 32 24
6 1117 24 10
7 1117 11 25
9 1117 28 36
10 1117 2 20
19 1117 3 26
0 1118 32 23
6 1118 24 11
7 1118 11 27
9 1118 28 34
13 1118 36 2
17 1118 26 12
0 1119 32 21
7 1119 11 28
9 1119 28 33
13 1119 36 4
17 1119 24 12
0 1120 32 20
2 1120 19 28
7 1120 11 29
9 1120 28 31
13 1120 36 5
17 1120 22 12
0 1121 32 19
2 1121 19 26
7 1121 11 31
9 1121 28 30
13 1121 36 6
17 1121 21 12
0 1122 32 17
2 1122 19 24
7 1122 11 31
9 1122 28 29
13 1122 36 8
17 1122 19 12
0 1123 32 16
2 1123 19 23
9 1123 28 27
13 1123 36 9
17 1123 17 12
18 1123 4 23
0 1124 32 14
2 1124 19 21
9 1124 28 26
13 1124 36 10
18 1124 4 22
0 1125 32 13
2 1125 19 19
9 1125 28 24
13 1125 36 12
18 1125 4 21
0 1126 32 12
2 1126 19 18
9 1126 28 23
13 1126 36 13
18 1126 4 20
0 1127 32 10
2 1127 19 16
9 1127 28 21
13 1127 36 14
18 1127 4 19
0 1128 32 9
2 1128 19 14
9 1128 28 20
13 1128 36 16
18 1128 4 18
0 1129 32 8
2 1129 19 13
9 1129 28 19
13 1129 36 16
18 1129 4 17
21 1129 29 14
2 1130 19 11
18 1130 4 16
21 1130 29 12
2 1131 19 10
18 1131 4 15
21 1131 29 10
15 1132 24 27
18 1132 4 14
21 1132 29 8
15 1133 24 27
18 1133 4 13
21 1133 29 6
18 1134 4 12
21 1134 29 5
18 1135 4 11
21 1135 29 3
18 1136 4 10
21 1136 29 2
18 1137 4 9
21 1137 29 2
17 1138 17 13
21 1138 27 2
17 1139 17 15
21 1139 26 2
3 1140 4 13
17 1140 17 16
21 1140 24 2
3 1141 4 14
21 1141 23 2
3 1142 4 16
3 1143 4 17
3 1144 4 19
10 1144 2 19
3 1145 4 20
10 1145 2 18
3 1146 4 21
10 1146 2 17
3 1147 4 22
10 1147 2 16
10 1148 2 15
10 1149 2 14
10 1150 2 13
15 1150 24 26
15 1151 24 25
1 1152 7 1
15 1152 24 24
1 1153 7 2
15 1153 24 22
21 1153 24 2
1 1154 7 3
15 1154 24 21
21 1154 26 2
1 1155 7 5
15 1155 24 20
21 1155 28 2
1 1156 7 6
15 1156 24 18
21 1156 30 2
22 1156 8 23
1 1157 7 8
15 1157 24 17
21 1157 32 2
22 1157 10 23
1 1158 7 9
15 1158 24 15
21 1158 33 2
22 1158 12 23
23 1158 36 15
1 1159 7 10
2 1159 18 10
15 1159 24 14
21 1159 35 2
22 1159 12 23
23 1159 36 16
1 1160 7 12
2 1160 17 10
15 1160 24 13
20 1160 32 11
21 1160 37 2
23 1160 36 17
1 1161 7 13
16 1161 22 38
20 1161 32 12
21 1161 37 2
23 1161 36 19
1 1162 7 15
16 1162 24 38
20 1162 32 13
23 1162 36 20
1 1163 7 16
16 1163 26 38
20 1163 32 14
23 1163 36 21
1 1164 7 17
16 1164 27 38
20 1164 32 15
23 1164 36 22
1 1165 7 19
16 1165 29 38
18 1165 4 10
20 1165 32 16
23 1165 36 24
1 1166 7 20
16 1166 31 38
18 1166 4 12
20 1166 32 17
23 1166 36 25
1 1167 7 22
16 1167 32 38
18 1167 4 14
20 1167 32 18
23 1167 36 26
1 1168 7 23
16 1168 34 38
18 1168 4 15
20 1168 32 19
22 1168 12 23
23 1168 36 27
1 1169 7 24
7 1169 13 31
16 1169 36 38
18 1169 4 17
20 1169 32 20
22 1169 14 23
23 1169 36 29
1 1170 7 26
7 1170 13 31
16 1170 38 38
18 1170 4 19
20 1170 32 21
22 1170 16 23
23 1170 36 30
1 1171 7 27
16 1171 38 38
18 1171 4 21
20 1171 32 22
22 1171 18 23
23 1171 36 31
1 1172 7 29
14 1172 28 32
18 1172 4 23
20 1172 32 23
22 1172 19 23
23 1172 36 32
1 1173 7 30
14 1173 27 32
18 1173 4 24
20 1173 32 24
22 1173 21 23
23 1173 36 34
1 1174 7 31
5 1174 33 8
14 1174 26 32
20 1174 32 25
22 1174 23 23
23 1174 36 35
1 1175 7 33
5 1175 33 10
14 1175 24 32
20 1175 32 27
22 1175 23 23
23 1175 36 36
4 1176 35 17
5 1176 33 12
14 1176 23 32
20 1176 32 28
23 1176 36 37
4 1177 36 17
5 1177 33 13
14 1177 22 32
20 1177 32 29
23 1177 36 38
4 1178 37 17
5 1178 33 15
14 1178 21 32
20 1178 32 30
4 1179 38 17
5 1179 33 16
14 1179 19 32
20 1179 32 31
24 1179 19 34
4 1180 39 17
14 1180 18 32
20 1180 32 32
24 1180 19 33
0 1181 33 8
4 1181 39 17
14 1181 17 32
20 1181 32 33
24 1181 19 31
0 1182 35 8
14 1182 16 32
20 1182 32 34
24 1182 19 30
0 1183 36 8
6 1183 24 10
14 1183 14 32
20 1183 32 35
24 1183 19 29
0 1184 38 8
6 1184 24 8
14 1184 13 32
17 1184 17 17
24 1184 19 27
0 1185 39 8
6 1185 24 6
14 1185 12 32
17 1185 17 19
24 1185 19 26
6 1186 24 4
14 1186 10 32
17 1186 17 20
24 1186 19 25
6 1187 24 3
14 1187 9 32
17 1187 17 21
24 1187 19 23
14 1188 8 32
17 1188 17 22
24 1188 19 22
14 1189 7 32
17 1189 17 23
24 1189 19 21
14 1190 5 32
17 1190 17 24
14 1191 4 32
17 1191 17 25
10 1192 2 14
14 1192 3 32
17 1192 17 26
10 1193 2 15
14 1193 3 32
17 1193 17 28
10 1194 2 17
17 1194 17 29
10 1195 2 19
17 1195 17 30
10 1196 2 20
17 1196 17 31
3 1197 5 22
10 1197 2 21
17 1197 17 32
3 1198 7 22
17 1198 17 33
3 1199 8 22
17 1199 17 34
19 1199 3 26
3 1200 9 22
17 1200 17 36
